 Year Mo Globe  Land Ocean   NH   Land Ocean   SH   Land Ocean Trpcs  Land Ocean NoExt  Land Ocean SoExt  Land Ocean NoPol  Land Ocean SoPol  Land Ocean USA48 USA49  AUST
 1978 12 -0.36 -0.36 -0.36 -0.31 -0.30 -0.31 -0.41 -0.49 -0.39 -0.47 -0.49 -0.47 -0.23 -0.27 -0.20 -0.37 -0.41 -0.36 -0.24 -0.55  0.12 -0.35 -0.21 -0.42 -1.03 -0.94 -1.20
 1979  1 -0.33 -0.48 -0.27 -0.48 -0.69 -0.35 -0.18 -0.00 -0.22 -0.37 -0.42 -0.36 -0.54 -0.75 -0.35 -0.08  0.26 -0.15 -0.11 -0.65  0.51 -0.11 -0.08 -0.12 -3.07 -2.25  1.16
 1979  2 -0.27 -0.35 -0.24 -0.25 -0.32 -0.21 -0.29 -0.41 -0.27 -0.23 -0.09 -0.27 -0.27 -0.40 -0.16 -0.31 -0.58 -0.27 -1.71 -2.06 -1.32 -0.68 -1.09 -0.49 -1.55 -1.59 -0.21
 1979  3 -0.26 -0.31 -0.24 -0.28 -0.25 -0.29 -0.24 -0.44 -0.19 -0.26 -0.30 -0.25 -0.30 -0.25 -0.34 -0.21 -0.50 -0.16 -0.32 -0.26 -0.39 -0.47 -1.20 -0.13 -0.43 -0.15  0.42
 1979  4 -0.28 -0.40 -0.24 -0.31 -0.44 -0.23 -0.26 -0.32 -0.25 -0.25 -0.27 -0.24 -0.34 -0.51 -0.19 -0.26 -0.27 -0.26 -0.44 -0.45 -0.42 -0.18  0.42 -0.46 -0.61 -0.28 -0.94
 1979  5 -0.27 -0.39 -0.23 -0.36 -0.34 -0.37 -0.18 -0.49 -0.12 -0.34 -0.41 -0.31 -0.35 -0.31 -0.39 -0.13 -0.59 -0.04 -0.44 -0.20 -0.72  0.03 -0.37  0.22 -0.72 -0.60 -1.05
 1979  6 -0.26 -0.43 -0.20 -0.35 -0.42 -0.30 -0.18 -0.45 -0.12 -0.22 -0.29 -0.19 -0.38 -0.43 -0.34 -0.19 -0.64 -0.11 -0.49 -0.82 -0.12 -1.15 -1.79 -0.85 -0.51 -0.53 -0.34
 1979  7 -0.18 -0.40 -0.09 -0.07 -0.18  0.00 -0.30 -0.91 -0.17 -0.23 -0.33 -0.20 -0.01 -0.18  0.14 -0.30 -1.21 -0.14 -0.07 -0.22  0.11 -1.09 -2.31 -0.51 -0.04  0.02 -0.76
 1979  8 -0.28 -0.38 -0.23 -0.21 -0.24 -0.20 -0.34 -0.69 -0.26 -0.23 -0.18 -0.24 -0.23 -0.29 -0.18 -0.37 -0.97 -0.26 -0.08 -0.15 -0.00 -0.99 -1.53 -0.73 -0.68 -0.31 -0.81
 1979  9 -0.16 -0.25 -0.12 -0.16 -0.14 -0.18 -0.15 -0.49 -0.08 -0.19 -0.23 -0.17 -0.15 -0.11 -0.19 -0.13 -0.73 -0.03  0.06  0.18 -0.07 -0.14 -0.62  0.09  0.88  0.95 -0.49
 1979 10 -0.01 -0.11  0.03  0.03 -0.08  0.09 -0.05 -0.20 -0.02 -0.07 -0.06 -0.07  0.05 -0.07  0.16 -0.01 -0.34  0.05  0.06 -0.10  0.24 -0.15 -0.66  0.09  0.47  0.67 -0.11
 1979 11 -0.13  0.01 -0.18  0.12  0.16  0.10 -0.38 -0.32 -0.39 -0.07 -0.16 -0.04  0.22  0.22  0.23 -0.54 -0.37 -0.58 -0.02  0.39 -0.49 -0.47 -0.43 -0.49 -1.04 -0.45  0.05
 1979 12 -0.08  0.16 -0.18  0.02  0.21 -0.11 -0.18  0.05 -0.23 -0.30 -0.46 -0.26  0.19  0.41  0.01 -0.13  0.35 -0.22 -0.38  0.03 -0.85  0.78  0.94  0.70  1.80  1.09 -0.05
 1980  1 -0.08 -0.32  0.01 -0.12 -0.43  0.08 -0.05 -0.06 -0.05 -0.08 -0.07 -0.08 -0.17 -0.53  0.16 -0.00 -0.04  0.00  0.81  0.75  0.88  0.60  0.57  0.62 -0.58 -0.59 -0.10
 1980  2  0.06  0.07  0.06  0.01  0.03 -0.01  0.11  0.17  0.10  0.03 -0.08  0.06 -0.02  0.09 -0.11  0.17  0.28  0.16  1.67  1.88  1.42  0.61  0.42  0.70 -0.80 -0.33  0.87
 1980  3 -0.03 -0.19  0.03 -0.15 -0.46  0.06  0.09  0.44  0.01 -0.02 -0.02 -0.02 -0.23 -0.61  0.11  0.17  0.89  0.04  0.14 -0.23  0.56  0.96  1.35  0.77 -0.89 -0.79  0.54
 1980  4  0.03  0.04  0.03 -0.11 -0.16 -0.08  0.17  0.47  0.11 -0.00 -0.02  0.00 -0.17 -0.21 -0.13  0.27  0.89  0.16 -0.26 -0.28 -0.25  1.41  2.19  1.05 -0.34 -0.34  0.08
 1980  5  0.06  0.06  0.07 -0.01 -0.06  0.01  0.14  0.33  0.10  0.04 -0.00  0.06 -0.03 -0.07 -0.00  0.19  0.59  0.12  0.10 -0.20  0.44  0.70  0.99  0.56 -0.44 -0.34  0.26
 1980  6  0.09 -0.08  0.15  0.09 -0.04  0.17  0.08 -0.17  0.14  0.13 -0.02  0.17  0.07 -0.05  0.17  0.06 -0.27  0.11 -0.04 -0.23  0.18 -0.32 -0.40 -0.28 -0.05  0.03  0.13
 1980  7 -0.04  0.08 -0.08 -0.05 -0.07 -0.04 -0.02  0.42 -0.11 -0.11 -0.18 -0.09 -0.04 -0.05 -0.03  0.04  0.90 -0.11 -0.66 -0.63 -0.69  1.39  2.66  0.79  0.75  0.60 -0.32
 1980  8 -0.03  0.03 -0.05 -0.14 -0.14 -0.14  0.09  0.39  0.02 -0.24 -0.32 -0.22 -0.09 -0.09 -0.09  0.26  0.94  0.14  0.14  0.41 -0.16  1.10  1.96  0.69 -0.07 -0.23  0.41
 1980  9 -0.01 -0.03 -0.00 -0.17 -0.27 -0.12  0.15  0.50  0.08 -0.10 -0.19 -0.08 -0.21 -0.30 -0.14  0.29  1.05  0.16 -0.18 -0.10 -0.27  1.19  2.18  0.72  0.35  0.27  1.30
 1980 10 -0.16 -0.20 -0.15 -0.13 -0.14 -0.12 -0.19 -0.33 -0.17 -0.18 -0.19 -0.18 -0.12 -0.14 -0.09 -0.18 -0.39 -0.15  0.77  0.97  0.53 -0.64 -0.76 -0.58 -0.45 -0.22 -0.11
 1980 11 -0.14  0.10 -0.23 -0.05  0.16 -0.19 -0.23 -0.04 -0.27 -0.32 -0.36 -0.30  0.04  0.29 -0.18 -0.14  0.21 -0.20 -0.99 -0.64 -1.39  0.24  0.95 -0.10  0.01  0.10  0.32
 1980 12 -0.25 -0.13 -0.30 -0.15 -0.00 -0.24 -0.36 -0.42 -0.34 -0.32 -0.41 -0.30 -0.06  0.12 -0.21 -0.37 -0.47 -0.36 -0.39 -0.00 -0.83 -0.69 -0.54 -0.76  1.54  1.15 -0.37
 1981  1 -0.08  0.18 -0.19 -0.05  0.39 -0.33 -0.12 -0.30 -0.09 -0.37 -0.45 -0.35  0.12  0.62 -0.33  0.01 -0.23  0.05  1.77  2.62  0.80 -0.41 -0.66 -0.29  0.29  0.92  0.34
 1981  2  0.01 -0.04  0.03 -0.15 -0.09 -0.18  0.17  0.08  0.19 -0.32 -0.35 -0.31 -0.07 -0.02 -0.12  0.44  0.40  0.45  0.05  0.17 -0.08  0.35  0.34  0.35  0.32  0.35  0.49
 1981  3 -0.13 -0.10 -0.14 -0.28 -0.19 -0.34  0.02  0.11 -0.00 -0.29 -0.36 -0.27 -0.28 -0.09 -0.46  0.19  0.31  0.17  0.07  0.16 -0.04  1.07  1.74  0.75 -1.64 -1.09 -1.32
 1981  4 -0.13  0.07 -0.20  0.16  0.36  0.03 -0.41 -0.58 -0.37 -0.19 -0.18 -0.20  0.29  0.48  0.12 -0.48 -0.85 -0.41  0.25  0.04  0.48 -0.29 -1.26  0.17  2.08  1.84  0.08
 1981  5 -0.14 -0.19 -0.11 -0.13 -0.21 -0.08 -0.14 -0.17 -0.14 -0.18 -0.25 -0.16 -0.13 -0.21 -0.06 -0.10 -0.06 -0.11  0.02  0.11 -0.07  0.11 -0.19  0.25 -0.70 -0.30 -0.69
 1981  6 -0.18 -0.22 -0.16 -0.10 -0.10 -0.10 -0.26 -0.50 -0.21 -0.24 -0.25 -0.24 -0.06 -0.07 -0.05 -0.23 -0.64 -0.16 -0.15  0.05 -0.39 -0.21 -0.10 -0.26  0.72  0.34 -0.59
 1981  7 -0.08  0.08 -0.14 -0.06  0.04 -0.12 -0.10  0.18 -0.16 -0.29 -0.42 -0.25  0.06  0.15 -0.02 -0.00  0.66 -0.12 -0.40 -0.32 -0.50  0.86  1.98  0.33  0.33  0.17 -0.02
 1981  8 -0.08  0.07 -0.14 -0.05 -0.05 -0.04 -0.11  0.33 -0.21 -0.33 -0.35 -0.33  0.09  0.01  0.16  0.02  0.91 -0.14  0.19  0.37 -0.01  1.15  2.85  0.35 -0.14 -0.23 -0.28
 1981  9 -0.16 -0.10 -0.19 -0.19 -0.24 -0.16 -0.13  0.21 -0.21 -0.18 -0.32 -0.14 -0.21 -0.23 -0.18 -0.10  0.65 -0.23 -0.03 -0.29  0.27  0.85  1.47  0.56 -0.08 -0.34  0.76
 1981 10 -0.19 -0.26 -0.17 -0.08 -0.19 -0.02 -0.31 -0.44 -0.28 -0.10 -0.19 -0.07 -0.10 -0.22  0.01 -0.39 -0.52 -0.37  0.51  0.67  0.32 -0.15 -0.01 -0.21 -0.36 -0.19 -0.62
 1981 11 -0.15 -0.12 -0.16 -0.06 -0.02 -0.08 -0.24 -0.35 -0.21 -0.12 -0.14 -0.11 -0.03  0.04 -0.09 -0.29 -0.59 -0.24  0.63  0.84  0.40 -1.06 -1.24 -0.98  0.73  0.55 -0.48
 1981 12 -0.02  0.16 -0.09  0.01  0.21 -0.12 -0.05  0.05 -0.07 -0.14  0.00 -0.18  0.07  0.26 -0.10  0.01  0.08  0.00 -0.08  0.18 -0.38 -0.13  0.09 -0.24 -0.04 -0.25  0.52
 1982  1 -0.23 -0.50 -0.12 -0.32 -0.68 -0.09 -0.13 -0.08 -0.14 -0.22 -0.23 -0.21 -0.35 -0.78  0.03 -0.11 -0.01 -0.12 -0.88 -1.43 -0.26  0.20 -0.03  0.31 -1.29 -1.12  0.52
 1982  2 -0.25 -0.50 -0.15 -0.36 -0.65 -0.17 -0.13 -0.16 -0.13 -0.30 -0.32 -0.29 -0.38 -0.70 -0.08 -0.07 -0.15 -0.05  0.46  0.37  0.56 -0.30 -0.22 -0.34 -0.34 -0.34  0.01
 1982  3 -0.32 -0.81 -0.13 -0.47 -0.86 -0.22 -0.17 -0.69 -0.07 -0.20 -0.23 -0.19 -0.61 -0.99 -0.26 -0.17 -1.16  0.01 -0.74 -1.11 -0.32 -1.18 -2.52 -0.55 -0.37 -0.29  0.02
 1982  4 -0.32 -0.44 -0.27 -0.31 -0.27 -0.34 -0.32 -0.82 -0.22 -0.31 -0.43 -0.27 -0.32 -0.23 -0.39 -0.33 -1.11 -0.20 -0.49 -0.09 -0.95 -1.01 -1.67 -0.70 -1.32 -1.44 -0.74
 1982  5 -0.31 -0.35 -0.30 -0.42 -0.45 -0.40 -0.21 -0.13 -0.23 -0.21 -0.36 -0.16 -0.54 -0.49 -0.58 -0.21  0.08 -0.26 -1.31 -1.11 -1.54  0.56  0.50  0.59 -0.26 -0.60 -0.37
 1982  6 -0.25 -0.55 -0.13 -0.34 -0.52 -0.22 -0.16 -0.62 -0.06 -0.13 -0.27 -0.09 -0.47 -0.61 -0.35 -0.14 -0.81 -0.02 -0.62 -0.61 -0.64  0.09 -0.72  0.47 -1.30 -1.17 -0.66
 1982  7 -0.41 -0.39 -0.42 -0.38 -0.39 -0.37 -0.44 -0.37 -0.46 -0.29 -0.28 -0.29 -0.45 -0.45 -0.46 -0.50 -0.36 -0.52 -0.30 -0.25 -0.36 -0.23  0.34 -0.50 -0.31 -0.30 -1.06
 1982  8 -0.33 -0.41 -0.30 -0.41 -0.36 -0.43 -0.26 -0.52 -0.21 -0.34 -0.49 -0.30 -0.46 -0.38 -0.54 -0.20 -0.40 -0.17 -0.56 -0.55 -0.56 -0.70 -1.40 -0.37 -0.11 -0.12  0.44
 1982  9 -0.30 -0.38 -0.27 -0.25 -0.16 -0.31 -0.34 -0.86 -0.24 -0.31 -0.39 -0.29 -0.26 -0.15 -0.37 -0.32 -1.07 -0.19 -0.79 -0.47 -1.15 -0.98 -2.06 -0.47 -0.20 -0.10 -1.33
 1982 10 -0.39 -0.52 -0.35 -0.43 -0.46 -0.42 -0.35 -0.64 -0.29 -0.44 -0.58 -0.40 -0.43 -0.43 -0.42 -0.31 -0.70 -0.24 -0.80 -0.97 -0.60 -0.22 -0.80  0.06 -0.31 -0.65 -1.03
 1982 11 -0.27 -0.35 -0.24 -0.45 -0.58 -0.37 -0.09  0.17 -0.15 -0.15 -0.32 -0.11 -0.57 -0.62 -0.53 -0.09  0.47 -0.19 -0.93 -0.98 -0.87  0.43  1.09  0.12 -0.66 -0.56  0.02
 1982 12 -0.16 -0.02 -0.22 -0.06 -0.06 -0.07 -0.27  0.06 -0.34 -0.00 -0.14  0.04 -0.09 -0.04 -0.14 -0.41  0.23 -0.52 -0.37 -0.27 -0.48  0.53  1.15  0.24  0.71  0.62 -0.63
 1983  1  0.01  0.04 -0.00  0.10  0.00  0.17 -0.08  0.14 -0.13  0.51  0.14  0.62 -0.10  0.06 -0.24 -0.41 -0.17 -0.45 -0.38  0.04 -0.86  0.24  0.10  0.30  0.50  0.26 -0.87
 1983  2 -0.16 -0.27 -0.12 -0.24 -0.47 -0.09 -0.09  0.18 -0.14  0.47  0.33  0.51 -0.61 -0.62 -0.60 -0.38 -0.14 -0.43 -0.07  0.06 -0.23 -0.13 -0.38 -0.02 -0.04 -0.04  0.06
 1983  3  0.15 -0.13  0.25  0.08 -0.20  0.27  0.21  0.04  0.25  0.56  0.43  0.60 -0.19 -0.34 -0.06  0.05 -0.35  0.12  0.27  0.07  0.51 -0.53 -1.05 -0.29 -0.75 -0.59  0.00
 1983  4  0.08 -0.19  0.19 -0.09 -0.36  0.08  0.25  0.19  0.27  0.38  0.31  0.41 -0.34 -0.52 -0.18  0.19  0.06  0.21 -0.34 -0.16 -0.55  0.43  0.67  0.31 -2.54 -2.11 -0.90
 1983  5  0.09 -0.03  0.14 -0.13 -0.34  0.00  0.31  0.66  0.24  0.29  0.39  0.26 -0.36 -0.52 -0.21  0.33  0.86  0.24 -0.88 -1.00 -0.75  1.27  2.21  0.82 -1.50 -1.30  0.31
 1983  6 -0.18 -0.43 -0.09 -0.30 -0.52 -0.15 -0.07 -0.23 -0.04  0.12  0.11  0.12 -0.53 -0.68 -0.40 -0.15 -0.50 -0.09 -0.39 -0.20 -0.61  0.28  0.06  0.38 -1.05 -0.90 -0.40
 1983  7 -0.00 -0.15  0.06  0.02  0.02  0.01 -0.02 -0.55  0.09  0.24  0.35  0.21 -0.12 -0.06 -0.17 -0.14 -1.24  0.06 -0.15 -0.30  0.01 -0.95 -1.87 -0.52  0.27  0.16 -0.92
 1983  8  0.03  0.11 -0.01  0.06  0.20 -0.03 -0.01 -0.09  0.01  0.09  0.08  0.09  0.04  0.22 -0.12 -0.06 -0.18 -0.04 -0.13 -0.05 -0.23 -0.19 -0.01 -0.27  0.91  0.58 -0.46
 1983  9 -0.01  0.21 -0.09 -0.00  0.11 -0.07 -0.02  0.42 -0.11 -0.01  0.05 -0.03  0.02  0.14 -0.09 -0.03  0.65 -0.15 -0.06  0.20 -0.35  1.16  1.75  0.88  0.07 -0.25  0.90
 1983 10 -0.10 -0.05 -0.12 -0.08  0.10 -0.20 -0.11 -0.38 -0.06 -0.17 -0.25 -0.15 -0.06  0.15 -0.25 -0.06 -0.35 -0.01 -0.53 -0.39 -0.69 -0.69 -0.92 -0.58  0.57  0.38  0.05
 1983 11 -0.08  0.03 -0.13  0.08  0.34 -0.10 -0.24 -0.67 -0.15 -0.19 -0.25 -0.17  0.19  0.50 -0.08 -0.24 -0.96 -0.12  0.08  0.58 -0.49 -1.18 -2.03 -0.78 -0.16  0.05 -0.03
 1983 12 -0.31 -0.42 -0.26 -0.24 -0.33 -0.18 -0.38 -0.64 -0.32 -0.36 -0.48 -0.33 -0.17 -0.31 -0.05 -0.39 -0.71 -0.33  0.23  0.45 -0.03 -0.81 -1.37 -0.54 -1.89 -1.16 -0.55
 1984  1 -0.36 -0.41 -0.35 -0.38 -0.41 -0.36 -0.35 -0.40 -0.33 -0.51 -0.58 -0.49 -0.30 -0.40 -0.21 -0.27 -0.16 -0.29 -0.56 -0.15 -1.02  0.19  0.11  0.23 -0.45 -0.51 -0.99
 1984  2 -0.23 -0.38 -0.17 -0.32 -0.36 -0.29 -0.14 -0.43 -0.08 -0.32 -0.35 -0.31 -0.30 -0.40 -0.21 -0.06 -0.38 -0.00 -0.20 -0.20 -0.19 -0.28 -0.85 -0.02  0.13 -0.48 -0.52
 1984  3 -0.14 -0.19 -0.13 -0.36 -0.32 -0.39  0.07  0.12  0.06 -0.06 -0.05 -0.06 -0.53 -0.41 -0.63  0.15  0.32  0.12 -0.28 -0.13 -0.44  0.53  0.81  0.39 -0.95 -0.51 -0.40
 1984  4 -0.25 -0.38 -0.20 -0.37 -0.45 -0.31 -0.13 -0.21 -0.11 -0.20 -0.22 -0.19 -0.47 -0.55 -0.39 -0.08 -0.10 -0.08 -1.07 -1.18 -0.95  0.13  0.34  0.04 -1.02 -1.28 -0.45
 1984  5 -0.11  0.03 -0.17 -0.21 -0.11 -0.27 -0.02  0.36 -0.10 -0.33 -0.19 -0.37 -0.15 -0.09 -0.21  0.16  0.77  0.05 -0.01  0.19 -0.24  1.69  2.41  1.35 -0.10 -0.42 -0.55
 1984  6 -0.21 -0.19 -0.22 -0.09 -0.01 -0.14 -0.34 -0.60 -0.28 -0.37 -0.36 -0.37  0.08  0.10  0.06 -0.34 -0.84 -0.25  0.23  0.20  0.26 -1.09 -1.63 -0.84 -0.39 -0.37  0.12
 1984  7 -0.29 -0.38 -0.25 -0.28 -0.27 -0.28 -0.30 -0.63 -0.23 -0.52 -0.50 -0.53 -0.17 -0.23 -0.11 -0.16 -0.67 -0.07  0.17  0.08  0.28 -0.98 -0.83 -1.04 -0.16 -0.23 -0.87
 1984  8 -0.21 -0.30 -0.18 -0.17 -0.15 -0.19 -0.25 -0.64 -0.17 -0.25 -0.26 -0.25 -0.16 -0.17 -0.15 -0.21 -0.78 -0.12 -0.15 -0.33  0.06  0.27 -0.09  0.43  0.07  0.09 -0.62
 1984  9 -0.51 -0.71 -0.42 -0.47 -0.68 -0.34 -0.54 -0.79 -0.49 -0.50 -0.57 -0.48 -0.48 -0.73 -0.25 -0.54 -0.87 -0.48  0.09 -0.21  0.43 -0.27 -0.33 -0.25 -0.82 -0.70 -2.07
 1984 10 -0.07 -0.22 -0.02 -0.09 -0.20 -0.02 -0.06 -0.26 -0.01 -0.16 -0.09 -0.18 -0.07 -0.24  0.09  0.01 -0.34  0.08  0.36  0.06  0.71 -0.23 -1.07  0.17 -0.70 -0.34  0.02
 1984 11 -0.21 -0.31 -0.16 -0.30 -0.36 -0.27 -0.11 -0.21 -0.09 -0.28 -0.29 -0.28 -0.31 -0.37 -0.25 -0.03 -0.17 -0.01 -0.50 -0.73 -0.23 -0.35 -0.58 -0.25 -0.53 -0.54  0.24
 1984 12 -0.26 -0.73 -0.07 -0.51 -1.10 -0.13 -0.01  0.11 -0.03 -0.25 -0.36 -0.22 -0.61 -1.27 -0.02  0.09  0.38  0.03 -0.37 -0.81  0.14  0.91  1.35  0.71  1.02  0.94  0.45
 1985  1 -0.30 -0.24 -0.32 -0.35 -0.34 -0.35 -0.24 -0.01 -0.29 -0.31 -0.12 -0.37 -0.36 -0.40 -0.33 -0.21  0.08 -0.26  0.95  0.87  1.03  0.27  0.61  0.11 -1.46 -0.66 -0.27
 1985  2 -0.48 -0.54 -0.45 -0.37 -0.49 -0.29 -0.58 -0.64 -0.57 -0.46 -0.40 -0.48 -0.31 -0.55 -0.10 -0.65 -0.74 -0.63 -0.83 -0.96 -0.67 -1.16 -1.72 -0.89 -1.37 -1.58 -0.07
 1985  3 -0.46 -0.52 -0.43 -0.65 -0.72 -0.61 -0.27 -0.09 -0.31 -0.46 -0.21 -0.53 -0.73 -0.85 -0.62 -0.19 -0.01 -0.22 -1.32 -1.37 -1.27 -0.43 -0.05 -0.61  0.08 -0.27  0.10
 1985  4 -0.31 -0.25 -0.34 -0.44 -0.27 -0.55 -0.18 -0.18 -0.18 -0.53 -0.54 -0.53 -0.37 -0.20 -0.52 -0.03  0.07 -0.05 -1.55 -1.27 -1.87  0.05  0.58 -0.20  0.60 -0.17 -0.05
 1985  5 -0.32 -0.31 -0.32 -0.31 -0.20 -0.38 -0.33 -0.57 -0.28 -0.38 -0.44 -0.37 -0.26 -0.14 -0.37 -0.32 -0.66 -0.25 -0.35 -0.47 -0.22 -0.71 -0.98 -0.58  0.41  0.16 -0.93
 1985  6 -0.35 -0.37 -0.34 -0.43 -0.42 -0.43 -0.27 -0.25 -0.27 -0.49 -0.67 -0.44 -0.42 -0.41 -0.44 -0.12  0.21 -0.18 -0.47 -0.62 -0.31  0.22  0.39  0.14 -0.26 -0.48 -0.56
 1985  7 -0.51 -0.76 -0.41 -0.65 -0.77 -0.58 -0.37 -0.75 -0.29 -0.81 -0.89 -0.79 -0.57 -0.74 -0.42 -0.14 -0.65 -0.05 -0.77 -1.19 -0.28 -0.57 -1.86  0.04 -0.15 -0.11  0.02
 1985  8 -0.26 -0.23 -0.28 -0.39 -0.29 -0.46 -0.13 -0.11 -0.14 -0.48 -0.50 -0.48 -0.35 -0.23 -0.45  0.05  0.20  0.02 -0.71 -0.63 -0.79  0.14  0.58 -0.08 -0.62 -0.67 -0.29
 1985  9 -0.37 -0.34 -0.38 -0.41 -0.24 -0.52 -0.34 -0.57 -0.29 -0.54 -0.52 -0.54 -0.36 -0.18 -0.52 -0.22 -0.59 -0.15 -0.08  0.27 -0.47 -0.54 -0.81 -0.42 -0.87 -0.68 -0.88
 1985 10 -0.43 -0.50 -0.40 -0.36 -0.39 -0.35 -0.49 -0.76 -0.44 -0.36 -0.39 -0.36 -0.39 -0.43 -0.35 -0.54 -0.91 -0.47 -0.40 -0.66 -0.10 -0.48 -1.06 -0.20  0.09 -0.26 -1.10
 1985 11 -0.28 -0.47 -0.21 -0.29 -0.47 -0.18 -0.27 -0.49 -0.23 -0.33 -0.47 -0.29 -0.30 -0.49 -0.13 -0.22 -0.41 -0.19  0.81  0.70  0.93 -0.77 -1.47 -0.44 -0.62 -0.26 -0.11
 1985 12 -0.26 -0.31 -0.24 -0.17 -0.20 -0.16 -0.35 -0.56 -0.30 -0.30 -0.29 -0.30 -0.13 -0.17 -0.09 -0.36 -0.77 -0.28  0.94  1.22  0.61 -1.08 -1.52 -0.87 -0.92 -0.26 -0.12
 1986  1 -0.15 -0.03 -0.20 -0.14  0.08 -0.28 -0.16 -0.26 -0.14 -0.16 -0.17 -0.15 -0.15  0.11 -0.39 -0.14 -0.22 -0.13 -0.49 -0.12 -0.91 -0.36 -0.17 -0.45  1.10  0.93 -0.39
 1986  2 -0.37 -0.29 -0.40 -0.52 -0.48 -0.54 -0.22  0.14 -0.30 -0.50 -0.54 -0.49 -0.51 -0.47 -0.55 -0.10  0.65 -0.23  0.49  0.55  0.43  0.94  2.17  0.36  0.39  0.49 -0.19
 1986  3 -0.28 -0.29 -0.27 -0.28 -0.31 -0.25 -0.28 -0.23 -0.29 -0.39 -0.49 -0.37 -0.25 -0.30 -0.20 -0.18  0.06 -0.22 -0.96 -0.89 -1.05  0.17  0.43  0.05  0.99  0.61  0.37
 1986  4 -0.16 -0.13 -0.17 -0.24 -0.16 -0.30 -0.07 -0.06 -0.08 -0.24 -0.25 -0.23 -0.24 -0.14 -0.33  0.00  0.11 -0.01 -0.79 -0.60 -1.01  0.11  0.06  0.13  0.55 -0.03 -0.02
 1986  5 -0.13 -0.16 -0.12 -0.16 -0.22 -0.12 -0.10 -0.03 -0.12 -0.23 -0.28 -0.22 -0.12 -0.22 -0.03 -0.03  0.20 -0.07 -0.44 -0.65 -0.21  0.17  0.37  0.08  0.23 -0.07 -0.02
 1986  6 -0.18 -0.19 -0.18 -0.12 -0.08 -0.15 -0.25 -0.45 -0.20 -0.20 -0.24 -0.18 -0.08 -0.03 -0.12 -0.27 -0.59 -0.21 -0.13 -0.36  0.14 -0.53 -1.36 -0.14  1.00  0.82 -0.34
 1986  7 -0.24 -0.39 -0.18 -0.28 -0.34 -0.24 -0.21 -0.52 -0.15 -0.37 -0.61 -0.31 -0.26 -0.31 -0.20 -0.09 -0.30 -0.05 -0.56 -0.50 -0.64  0.15 -0.19  0.31 -0.22 -0.11 -1.24
 1986  8 -0.25 -0.43 -0.18 -0.26 -0.37 -0.19 -0.24 -0.58 -0.17 -0.15 -0.26 -0.12 -0.38 -0.44 -0.32 -0.22 -0.68 -0.14 -0.90 -0.59 -1.26 -0.30 -0.45 -0.22 -0.47 -0.67 -0.85
 1986  9 -0.30 -0.46 -0.24 -0.33 -0.43 -0.27 -0.27 -0.52 -0.22 -0.19 -0.47 -0.11 -0.43 -0.44 -0.41 -0.30 -0.50 -0.26 -0.79 -0.50 -1.11 -0.63 -1.02 -0.45 -1.11 -0.71 -0.12
 1986 10 -0.30 -0.39 -0.27 -0.24 -0.29 -0.20 -0.37 -0.60 -0.32 -0.10 -0.32 -0.04 -0.33 -0.32 -0.34 -0.49 -0.68 -0.45 -0.24  0.10 -0.63 -0.41 -0.32 -0.45 -0.40  0.02 -1.21
 1986 11 -0.15 -0.35 -0.07 -0.26 -0.44 -0.15 -0.04 -0.14 -0.02 -0.07 -0.18 -0.04 -0.38 -0.52 -0.26 -0.00 -0.04  0.01 -0.24  0.05 -0.57  0.21 -0.15  0.38  0.07  0.09  0.18
 1986 12 -0.11 -0.29 -0.04 -0.14 -0.36 -0.00 -0.08 -0.13 -0.06  0.03 -0.13  0.07 -0.24 -0.41 -0.08 -0.12 -0.18 -0.11 -0.83 -0.95 -0.70 -0.41 -0.64 -0.30  0.18  0.36 -0.36
 1987  1  0.09  0.17  0.06  0.16  0.11  0.20  0.01  0.30 -0.05  0.14  0.08  0.15  0.15  0.10  0.20 -0.03  0.52 -0.13  0.06 -0.26  0.43  0.05  0.75 -0.28 -0.16 -0.06  0.22
 1987  2  0.08  0.27  0.00  0.11  0.40 -0.08  0.05 -0.03  0.06  0.16  0.13  0.17  0.08  0.47 -0.28 -0.01 -0.15  0.01 -0.59 -0.24 -1.00  0.10 -0.38  0.33  0.52  0.36 -0.30
 1987  3 -0.21 -0.42 -0.12 -0.23 -0.49 -0.06 -0.18 -0.26 -0.17  0.12  0.10  0.12 -0.41 -0.64 -0.21 -0.34 -0.58 -0.29 -0.35 -0.36 -0.34 -0.31 -0.55 -0.20 -0.13 -0.01 -1.16
 1987  4  0.08 -0.10  0.15 -0.08 -0.21 -0.00  0.24  0.14  0.26  0.26  0.15  0.30 -0.26 -0.29 -0.23  0.22  0.09  0.24 -0.52 -0.87 -0.11 -0.41 -0.42 -0.40  0.65  0.33  0.26
 1987  5 -0.08 -0.28 -0.00 -0.28 -0.30 -0.27  0.12 -0.25  0.19  0.05  0.03  0.06 -0.44 -0.37 -0.50  0.13 -0.51  0.25 -0.54 -0.74 -0.31 -0.13 -0.50  0.05  0.66  0.41 -0.22
 1987  6  0.17 -0.02  0.25  0.03 -0.17  0.17  0.31  0.34  0.31  0.41  0.18  0.48 -0.18 -0.29 -0.09  0.28  0.53  0.24 -0.48 -0.84 -0.07  0.56  1.22  0.24  0.57  0.40 -0.29
 1987  7  0.05 -0.01  0.08  0.01 -0.16  0.12  0.09  0.33  0.04  0.40  0.65  0.33 -0.22 -0.38 -0.08 -0.05  0.13 -0.08 -0.38 -0.60 -0.14  0.52  0.90  0.34 -0.31 -0.26 -0.87
 1987  8 -0.05 -0.34  0.06 -0.10 -0.23 -0.01 -0.00 -0.60  0.12  0.29  0.29  0.29 -0.29 -0.38 -0.22 -0.17 -1.23  0.02 -0.46 -0.42 -0.51 -0.74 -2.22 -0.04 -0.41 -0.23 -0.41
 1987  9 -0.07 -0.14 -0.04 -0.01 -0.05  0.02 -0.14 -0.35 -0.09  0.34  0.37  0.33 -0.21 -0.19 -0.23 -0.36 -0.83 -0.28 -0.78 -0.57 -1.02 -0.29 -0.39 -0.24 -0.58 -0.73 -1.04
 1987 10  0.09 -0.04  0.13  0.09 -0.12  0.23  0.08  0.16  0.06  0.41  0.34  0.42 -0.06 -0.24  0.09 -0.10  0.01 -0.12  0.77  0.60  0.96  0.27  0.57  0.12 -0.47 -0.33 -0.18
 1987 11  0.08  0.01  0.11  0.08 -0.04  0.16  0.08  0.11  0.08  0.48  0.42  0.50 -0.14 -0.17 -0.12 -0.11 -0.08 -0.12 -0.69 -0.83 -0.52 -0.34 -0.67 -0.19  0.34  0.21  0.24
 1987 12  0.37  0.43  0.35  0.55  0.57  0.54  0.19  0.12  0.20  0.66  0.58  0.68  0.46  0.57  0.37 -0.02 -0.24  0.02 -0.25 -0.41 -0.07 -0.10 -0.47  0.07  0.52  0.29  0.29
 1988  1  0.15  0.09  0.17  0.15  0.01  0.24  0.14  0.26  0.12  0.32  0.28  0.33  0.04 -0.06  0.12  0.07  0.23  0.04 -0.20 -0.16 -0.26  0.36  0.44  0.32 -1.37 -0.92 -0.01
 1988  2 -0.06 -0.29  0.04 -0.14 -0.37  0.01  0.03 -0.11  0.06  0.21  0.23  0.21 -0.31 -0.51 -0.14 -0.08 -0.44 -0.02  0.37  0.01  0.78 -0.56 -0.63 -0.53 -1.17 -0.94 -0.38
 1988  3  0.16  0.10  0.18  0.09 -0.03  0.17  0.22  0.37  0.19  0.47  0.47  0.47 -0.11 -0.19 -0.05  0.10  0.39  0.05 -0.06  0.25 -0.41  0.21  0.46  0.09 -0.75 -0.77 -0.22
 1988  4  0.03  0.06  0.01 -0.15 -0.02 -0.23  0.20  0.24  0.19  0.09  0.23  0.05 -0.27 -0.08 -0.44  0.25  0.23  0.26 -1.21 -0.95 -1.50  0.45  0.24  0.55  0.15  0.02  0.13
 1988  5  0.09  0.10  0.08  0.13  0.06  0.17  0.05  0.19  0.02  0.18  0.24  0.17  0.09 -0.01  0.18 -0.02  0.21 -0.06  0.21 -0.01  0.47  0.20  0.78 -0.08  0.00  0.08  0.69
 1988  6  0.08  0.25  0.02  0.14  0.27  0.06  0.03  0.19 -0.01 -0.15 -0.07 -0.17  0.28  0.35  0.22  0.13  0.43  0.07  0.37  0.18  0.59  0.40  1.14  0.04  1.26  1.12  0.63
 1988  7  0.16  0.29  0.10  0.20  0.38  0.09  0.11  0.08  0.12 -0.03 -0.01 -0.03  0.33  0.50  0.19  0.17  0.12  0.18  0.48  0.65  0.28  0.21 -0.30  0.45  0.30  0.26  0.66
 1988  8  0.06  0.25 -0.01  0.18  0.24  0.15 -0.06  0.29 -0.13  0.01  0.10 -0.02  0.30  0.32  0.28 -0.12  0.30 -0.19  0.17  0.09  0.27  0.79  0.88  0.75  0.58  0.50 -0.72
 1988  9  0.20  0.44  0.11  0.19  0.41  0.04  0.22  0.52  0.16  0.03  0.11  0.00  0.28  0.52  0.07  0.31  0.74  0.23  0.37  0.74 -0.06  0.89  1.13  0.77  0.57  0.29  0.55
 1988 10 -0.06  0.22 -0.16  0.00  0.12 -0.07 -0.12  0.44 -0.23 -0.15  0.04 -0.20  0.06  0.15 -0.03 -0.07  0.71 -0.21  0.02  0.25 -0.25  0.87  1.60  0.53 -0.34 -0.34  1.27
 1988 11 -0.13 -0.17 -0.12 -0.20 -0.13 -0.25 -0.06 -0.24 -0.03 -0.36 -0.24 -0.40 -0.15 -0.12 -0.18  0.12 -0.19  0.18 -0.53 -0.18 -0.94 -0.07 -0.21 -0.01 -0.28 -0.52 -0.20
 1988 12 -0.21 -0.03 -0.28 -0.27  0.07 -0.49 -0.15 -0.24 -0.13 -0.68 -0.42 -0.76 -0.05  0.19 -0.27  0.13 -0.10  0.17 -0.02  0.50 -0.61  0.31 -0.30  0.60 -0.12 -0.08  0.45
 1989  1 -0.40 -0.54 -0.35 -0.48 -0.48 -0.48 -0.32 -0.68 -0.24 -0.57 -0.50 -0.60 -0.43 -0.48 -0.38 -0.19 -0.77 -0.09 -1.98 -1.98 -1.97 -0.35 -0.58 -0.25  0.64 -0.27 -1.16
 1989  2 -0.27 -0.47 -0.19 -0.31 -0.52 -0.18 -0.23 -0.34 -0.20 -0.71 -0.63 -0.73 -0.08 -0.47  0.28 -0.00 -0.19  0.03 -0.01  0.29 -0.37 -0.02 -0.14  0.04 -0.80  0.15 -0.48
 1989  3 -0.31 -0.18 -0.37 -0.33 -0.08 -0.50 -0.29 -0.40 -0.27 -0.74 -0.75 -0.74 -0.06  0.12 -0.23 -0.11 -0.23 -0.09 -0.28  0.12 -0.75 -0.19 -0.36 -0.10  0.92  1.02 -0.10
 1989  4 -0.20 -0.22 -0.19 -0.21 -0.23 -0.20 -0.19 -0.19 -0.19 -0.48 -0.38 -0.51 -0.05 -0.21  0.08 -0.05 -0.00 -0.06  0.53  0.35  0.74 -0.18 -0.07 -0.24  0.37  0.68  0.49
 1989  5 -0.31 -0.40 -0.27 -0.32 -0.28 -0.35 -0.29 -0.68 -0.21 -0.52 -0.57 -0.51 -0.21 -0.20 -0.22 -0.18 -0.78 -0.07 -0.51 -0.36 -0.69 -1.28 -2.46 -0.72 -0.20 -0.19  0.57
 1989  6 -0.27 -0.43 -0.21 -0.29 -0.28 -0.30 -0.26 -0.76 -0.15 -0.50 -0.36 -0.53 -0.21 -0.27 -0.16 -0.10 -1.01  0.06 -0.16 -0.09 -0.23 -0.95 -2.14 -0.38 -0.39 -0.36 -0.35
 1989  7 -0.18 -0.23 -0.16 -0.15 -0.05 -0.22 -0.21 -0.65 -0.12 -0.37 -0.40 -0.36 -0.07  0.02 -0.15 -0.10 -0.75  0.02  0.02  0.14 -0.11  0.09 -0.54  0.38  0.14  0.23 -1.23
 1989  8 -0.17 -0.26 -0.14 -0.18 -0.25 -0.14 -0.17 -0.29 -0.14 -0.34 -0.39 -0.33 -0.11 -0.22 -0.01 -0.06 -0.18 -0.04  0.07 -0.01  0.16  0.33  0.39  0.31 -0.78 -0.47 -1.47
 1989  9 -0.04  0.05 -0.08  0.02  0.08 -0.02 -0.10  0.00 -0.12 -0.26 -0.18 -0.28  0.16  0.14  0.19 -0.01  0.16 -0.04  0.13  0.12  0.14  0.61  1.11  0.38  0.12  0.41  0.07
 1989 10 -0.12  0.00 -0.17 -0.08 -0.00 -0.13 -0.17  0.00 -0.20 -0.25 -0.26 -0.24  0.00  0.07 -0.06 -0.12  0.21 -0.17 -0.19 -0.18 -0.20  0.35  0.76  0.15 -0.08 -0.06  0.22
 1989 11 -0.17 -0.45 -0.06 -0.28 -0.53 -0.12 -0.06 -0.28 -0.01 -0.05  0.00 -0.07 -0.41 -0.65 -0.19 -0.05 -0.54  0.04 -0.75 -0.69 -0.81 -0.42 -0.78 -0.25 -0.13 -0.51 -0.70
 1989 12 -0.06 -0.09 -0.04 -0.37 -0.37 -0.37  0.26  0.54  0.20 -0.29 -0.30 -0.29 -0.42 -0.36 -0.48  0.56  1.10  0.47  0.19  0.43 -0.09  1.41  2.23  1.02 -1.98 -1.60  0.03
 1990  1 -0.10 -0.21 -0.05 -0.20 -0.35 -0.10  0.01  0.12 -0.02 -0.20 -0.13 -0.22 -0.22 -0.42 -0.04  0.13  0.33  0.10 -0.66 -1.34  0.11  0.64  0.65  0.64  1.04  0.60  0.41
 1990  2 -0.20 -0.26 -0.18 -0.20 -0.14 -0.24 -0.21 -0.53 -0.14 -0.31 -0.42 -0.27 -0.10 -0.01 -0.19 -0.19 -0.77 -0.09 -1.23 -1.32 -1.12 -0.28 -0.14 -0.34  0.24 -0.49 -1.94
 1990  3  0.06  0.28 -0.03  0.21  0.48  0.03 -0.08 -0.16 -0.07 -0.16 -0.26 -0.13  0.40  0.72  0.11 -0.05 -0.25 -0.01  0.15  0.68 -0.46 -0.63 -0.62 -0.64  0.82  1.02  0.75
 1990  4 -0.08 -0.17 -0.05 -0.17 -0.27 -0.11  0.01  0.07 -0.00 -0.02  0.04 -0.04 -0.25 -0.35 -0.16  0.02  0.08  0.01 -0.01  0.18 -0.23  0.42  0.68  0.30  0.15  0.59 -0.14
 1990  5  0.08  0.05  0.10  0.04 -0.03  0.08  0.13  0.23  0.11  0.03  0.00  0.04  0.04 -0.04  0.11  0.19  0.43  0.15  0.01 -0.08  0.11  0.57  0.97  0.38 -0.88 -0.55  0.54
 1990  6  0.10  0.06  0.12  0.14  0.20  0.10  0.07 -0.23  0.13  0.06  0.03  0.07  0.18  0.23  0.13  0.07 -0.41  0.16  0.13  0.11  0.15 -0.67 -1.04 -0.49  0.71  0.67  0.28
 1990  7  0.02  0.01  0.03 -0.03 -0.07 -0.01  0.07  0.18  0.05 -0.17 -0.25 -0.14  0.03 -0.04  0.09  0.21  0.55  0.15  0.10  0.00  0.22  1.84  2.43  1.56 -0.31 -0.23 -0.33
 1990  8 -0.05 -0.19  0.01 -0.05 -0.13  0.00 -0.05 -0.34  0.01 -0.08 -0.18 -0.05 -0.07 -0.16  0.02  0.00 -0.30  0.06 -0.01 -0.15  0.16 -0.56 -0.80 -0.45 -0.42 -0.18  0.05
 1990  9 -0.11 -0.26 -0.06 -0.11 -0.11 -0.10 -0.12 -0.58 -0.02 -0.10 -0.22 -0.07 -0.13 -0.13 -0.12 -0.11 -0.71 -0.01 -0.40 -0.75  0.01 -0.43 -0.99 -0.17  0.73  0.63 -0.57
 1990 10  0.02  0.03  0.02  0.06 -0.05  0.13 -0.02  0.22 -0.07  0.01  0.04  0.00  0.07 -0.08  0.20 -0.02  0.38 -0.09 -0.72 -0.85 -0.58 -0.09  0.48 -0.36  0.35  0.08  0.00
 1990 11  0.25  0.35  0.21  0.26  0.27  0.26  0.24  0.52  0.18  0.12  0.14  0.12  0.32  0.29  0.35  0.32  0.84  0.22 -1.34 -1.57 -1.09  0.31  0.66  0.15  1.59  0.91  1.14
 1990 12  0.16  0.22  0.13  0.19  0.15  0.22  0.12  0.38  0.06  0.07  0.11  0.06  0.24  0.12  0.34  0.17  0.70  0.07 -0.80 -0.54 -1.10  0.58  1.01  0.38 -0.18 -0.20  0.54
 1991  1  0.03 -0.19  0.11 -0.06 -0.30  0.09  0.11  0.05  0.13  0.20  0.14  0.22 -0.21 -0.42 -0.02  0.07  0.01  0.08 -0.13 -0.04 -0.24 -0.33 -0.27 -0.36 -0.87 -0.55  0.45
 1991  2  0.08  0.17  0.04  0.05 -0.03  0.10  0.11  0.64  0.00  0.17  0.17  0.16 -0.01 -0.08  0.04  0.08  0.96 -0.07  0.14  0.05  0.26  0.63  1.32  0.30  1.69  1.42  1.34
 1991  3  0.23  0.06  0.30  0.26  0.08  0.38  0.20  0.02  0.24  0.19  0.14  0.20  0.29  0.05  0.50  0.22 -0.03  0.27  0.16 -0.15  0.52 -0.21 -0.20 -0.21 -0.29 -0.12  0.12
 1991  4 -0.01  0.14 -0.06 -0.02  0.08 -0.08  0.00  0.28 -0.05 -0.01 -0.14  0.03 -0.03  0.11 -0.16  0.02  0.67 -0.10 -0.19  0.38 -0.85  0.79  1.50  0.46 -0.07 -0.07 -0.24
 1991  5  0.12  0.08  0.13  0.18  0.11  0.23  0.06  0.02  0.06  0.17 -0.00  0.22  0.20  0.13  0.26 -0.02  0.05 -0.03  0.42  0.51  0.31 -0.00 -0.47  0.22  0.68  0.62 -0.31
 1991  6  0.31  0.39  0.28  0.25  0.30  0.22  0.38  0.60  0.33  0.35  0.33  0.35  0.20  0.27  0.13  0.40  0.86  0.31  0.24  0.46 -0.02  1.09  1.76  0.78 -0.08  0.04  1.12
 1991  7  0.14  0.28  0.09  0.14  0.18  0.12  0.14  0.50  0.06  0.07 -0.00  0.10  0.18  0.22  0.14  0.17  0.91  0.04  0.63  0.56  0.71  1.33  2.21  0.91 -0.12 -0.27  0.31
 1991  8  0.15  0.24  0.12  0.15  0.15  0.15  0.15  0.44  0.09 -0.06 -0.17 -0.03  0.26  0.24  0.27  0.27  0.89  0.16  0.34  0.30  0.39  1.07  1.89  0.68 -0.08 -0.12  0.24
 1991  9 -0.05  0.02 -0.08  0.02  0.04  0.00 -0.12 -0.05 -0.14  0.03 -0.06  0.05 -0.01  0.03 -0.05 -0.18  0.10 -0.22  0.30  0.25  0.37  0.19  0.36  0.11 -0.03  0.12 -0.30
 1991 10 -0.21 -0.20 -0.21 -0.16 -0.23 -0.12 -0.25 -0.12 -0.28 -0.48 -0.55 -0.45  0.01 -0.15  0.14 -0.14  0.20 -0.20 -0.28 -0.22 -0.34  0.53  0.30  0.64  0.06  0.19  0.62
 1991 11 -0.27 -0.21 -0.29 -0.16 -0.17 -0.16 -0.38 -0.31 -0.39 -0.34 -0.41 -0.32 -0.08 -0.10 -0.07 -0.38 -0.23 -0.41 -0.17  0.28 -0.69 -0.02 -0.01 -0.03 -0.85 -0.62 -0.19
 1991 12 -0.28 -0.23 -0.29 -0.26 -0.32 -0.22 -0.29 -0.04 -0.35 -0.22 -0.29 -0.20 -0.28 -0.31 -0.25 -0.34  0.08 -0.41 -0.71 -0.78 -0.63  1.12  1.89  0.75  1.04  0.61 -1.31
 1992  1 -0.19 -0.15 -0.21 -0.21 -0.19 -0.22 -0.18 -0.08 -0.20 -0.25 -0.40 -0.20 -0.16 -0.04 -0.27 -0.17 -0.12 -0.18  0.11  0.18  0.03  0.42  0.42  0.42  0.44  0.38 -1.18
 1992  2 -0.23 -0.20 -0.25 -0.18 -0.27 -0.12 -0.28 -0.03 -0.34 -0.03 -0.21  0.02 -0.26 -0.26 -0.27 -0.41  0.02 -0.49 -0.14  0.13 -0.45  0.16  0.21  0.14  0.80  0.64 -0.02
 1992  3 -0.14 -0.21 -0.12 -0.19 -0.30 -0.11 -0.10  0.00 -0.12  0.09  0.04  0.10 -0.36 -0.39 -0.33 -0.17 -0.04 -0.20  0.02  0.16 -0.13  0.01 -0.05  0.04 -0.22 -0.36  0.10
 1992  4 -0.27 -0.42 -0.21 -0.36 -0.54 -0.24 -0.18 -0.14 -0.19  0.09  0.10  0.08 -0.61 -0.70 -0.53 -0.31 -0.36 -0.30 -1.25 -1.33 -1.17  0.09 -0.17  0.22  0.57  0.32 -0.44
 1992  5 -0.23 -0.40 -0.17 -0.45 -0.64 -0.33 -0.01  0.15 -0.05 -0.04  0.05 -0.07 -0.65 -0.79 -0.53 -0.02  0.11 -0.05 -1.28 -1.25 -1.32  0.77  0.81  0.75  0.18 -0.15 -0.21
 1992  6 -0.21 -0.37 -0.14 -0.40 -0.62 -0.26 -0.01  0.18 -0.05  0.03  0.03  0.03 -0.64 -0.79 -0.51 -0.03  0.30 -0.08 -0.86 -1.07 -0.61  0.63  0.82  0.54 -0.57 -0.47 -0.19
 1992  7 -0.37 -0.61 -0.28 -0.60 -0.80 -0.47 -0.14 -0.18 -0.13 -0.35 -0.44 -0.32 -0.73 -0.90 -0.57 -0.04  0.04 -0.05 -1.03 -1.02 -1.03  0.44  0.37  0.48 -1.23 -1.04  0.17
 1992  8 -0.45 -0.59 -0.39 -0.54 -0.62 -0.48 -0.36 -0.53 -0.33 -0.31 -0.47 -0.26 -0.68 -0.68 -0.68 -0.37 -0.52 -0.34 -1.06 -0.74 -1.42  0.10  0.10  0.10 -1.28 -1.14 -0.50
 1992  9 -0.43 -0.81 -0.28 -0.47 -0.73 -0.30 -0.39 -0.98 -0.26 -0.35 -0.47 -0.32 -0.55 -0.81 -0.32 -0.38 -1.33 -0.21 -0.87 -1.08 -0.64 -1.09 -2.18 -0.58 -0.11 -0.69 -0.80
 1992 10 -0.24 -0.36 -0.19 -0.35 -0.37 -0.33 -0.13 -0.32 -0.09 -0.25 -0.24 -0.25 -0.41 -0.40 -0.43 -0.05 -0.39  0.01 -0.77 -0.55 -1.03 -0.10 -0.22 -0.04  0.02 -0.12 -0.98
 1992 11 -0.27 -0.46 -0.19 -0.27 -0.40 -0.19 -0.27 -0.60 -0.20 -0.44 -0.59 -0.39 -0.16 -0.31 -0.02 -0.20 -0.72 -0.11 -0.72 -0.74 -0.69 -0.02 -0.32  0.12 -1.20 -0.96 -1.14
 1992 12 -0.33 -0.36 -0.32 -0.28 -0.28 -0.28 -0.38 -0.54 -0.34 -0.32 -0.34 -0.32 -0.27 -0.24 -0.29 -0.39 -0.76 -0.33 -0.60 -0.33 -0.91 -0.08 -0.96  0.34 -0.02 -0.19 -0.93
 1993  1 -0.35 -0.31 -0.37 -0.35 -0.34 -0.36 -0.35 -0.25 -0.37 -0.38 -0.57 -0.33 -0.33 -0.27 -0.38 -0.33  0.00 -0.39 -0.96 -0.47 -1.53  0.42  0.35  0.45 -0.19 -0.36 -0.46
 1993  2 -0.28 -0.31 -0.27 -0.23 -0.22 -0.24 -0.32 -0.50 -0.29 -0.47 -0.66 -0.41 -0.10 -0.09 -0.11 -0.26 -0.44 -0.23  0.43  0.57  0.26 -0.02 -0.33  0.13 -1.14 -0.66 -0.53
 1993  3 -0.43 -0.40 -0.44 -0.40 -0.34 -0.44 -0.46 -0.52 -0.45 -0.41 -0.49 -0.39 -0.40 -0.31 -0.48 -0.48 -0.52 -0.48 -0.72 -0.26 -1.24 -0.39 -0.77 -0.20 -0.56 -0.38 -0.51
 1993  4 -0.34 -0.54 -0.26 -0.51 -0.67 -0.41 -0.17 -0.25 -0.15 -0.18 -0.34 -0.13 -0.67 -0.74 -0.61 -0.18 -0.24 -0.17 -0.47 -0.52 -0.40 -0.25 -0.73 -0.02 -1.04 -0.74  0.18
 1993  5 -0.20 -0.36 -0.14 -0.27 -0.30 -0.25 -0.13 -0.51 -0.06 -0.06 -0.05 -0.07 -0.37 -0.35 -0.38 -0.19 -0.90 -0.06  0.26 -0.05  0.62 -0.70 -1.73 -0.22 -0.03  0.18 -0.47
 1993  6 -0.07 -0.29  0.01 -0.18 -0.34 -0.07  0.03 -0.18  0.07  0.07 -0.03  0.10 -0.31 -0.42 -0.21  0.01 -0.28  0.06 -0.25 -0.45 -0.02 -0.21 -1.23  0.27 -0.63 -0.59  0.01
 1993  7 -0.06 -0.20  0.00 -0.13 -0.19 -0.09  0.02 -0.22  0.07  0.02 -0.05  0.04 -0.20 -0.23 -0.17  0.00 -0.34  0.07  0.05  0.11 -0.01 -0.30 -0.88 -0.02 -0.54 -0.30  0.50
 1993  8 -0.18 -0.36 -0.12 -0.26 -0.37 -0.19 -0.11 -0.34 -0.06 -0.17 -0.26 -0.15 -0.32 -0.44 -0.20 -0.07 -0.25 -0.03 -0.39 -0.41 -0.36  0.30 -0.35  0.60 -0.45 -0.38  0.01
 1993  9 -0.33 -0.51 -0.26 -0.44 -0.50 -0.40 -0.22 -0.54 -0.15 -0.25 -0.30 -0.24 -0.53 -0.59 -0.48 -0.21 -0.61 -0.14 -0.87 -0.86 -0.88 -0.30 -0.78 -0.07 -0.79 -0.69 -0.85
 1993 10 -0.11 -0.25 -0.05 -0.20 -0.33 -0.12 -0.01 -0.07  0.00  0.04 -0.04  0.06 -0.32 -0.41 -0.24 -0.04 -0.08 -0.04 -0.42 -0.28 -0.58 -0.03 -0.35  0.12 -0.58 -0.19 -0.26
 1993 11 -0.12 -0.43 -0.00 -0.23 -0.59  0.01 -0.02 -0.07 -0.01  0.15  0.11  0.16 -0.43 -0.80 -0.10 -0.10 -0.14 -0.10 -0.47 -0.85 -0.03 -0.01 -0.52  0.23 -0.96 -0.75  0.10
 1993 12  0.05  0.01  0.07  0.07  0.08  0.06  0.04 -0.16  0.08  0.27  0.20  0.29 -0.03  0.05 -0.10 -0.10 -0.45 -0.04 -1.06 -0.85 -1.30 -0.71 -1.16 -0.50 -0.07  0.03 -0.16
 1994  1 -0.11 -0.22 -0.07 -0.12 -0.23 -0.05 -0.11 -0.22 -0.09  0.02  0.04  0.01 -0.18 -0.32 -0.05 -0.18 -0.35 -0.16 -0.71 -0.97 -0.41 -0.64 -0.71 -0.61 -0.93 -0.59  0.05
 1994  2 -0.20 -0.73  0.01 -0.24 -0.78  0.10 -0.15 -0.61 -0.06 -0.08 -0.18 -0.05 -0.33 -0.96  0.23 -0.18 -0.87 -0.06 -0.43 -0.98  0.20 -0.82 -1.33 -0.58 -0.88 -0.73 -0.34
 1994  3 -0.19 -0.26 -0.16 -0.17 -0.12 -0.21 -0.21 -0.60 -0.13 -0.16 -0.24 -0.13 -0.16 -0.09 -0.22 -0.26 -0.85 -0.16 -0.77 -0.44 -1.14 -0.41 -1.19 -0.05  0.52  0.26 -0.95
 1994  4 -0.15 -0.10 -0.17 -0.14 -0.12 -0.15 -0.17 -0.06 -0.19 -0.11 -0.20 -0.09 -0.15 -0.10 -0.19 -0.20  0.05 -0.25  0.13  0.15  0.11 -0.01  0.15 -0.09  0.49  0.43 -0.38
 1994  5 -0.09 -0.07 -0.10  0.04  0.07  0.03 -0.23 -0.39 -0.20 -0.05 -0.16 -0.02  0.10  0.13  0.07 -0.34 -0.57 -0.29 -0.21  0.18 -0.65 -0.68 -1.59 -0.25  0.21  0.10 -0.06
 1994  6  0.07  0.24  0.01  0.10  0.22  0.02  0.05  0.28  0.00 -0.06 -0.20 -0.01  0.15  0.31  0.01  0.13  0.69  0.03 -0.42 -0.28 -0.58  0.62  1.72  0.10  0.89  0.66 -0.09
 1994  7  0.04  0.08  0.02  0.06  0.09  0.04  0.02  0.06  0.01 -0.03 -0.19  0.01  0.09  0.15  0.04  0.06  0.29  0.02  0.13  0.42 -0.20  0.29  0.71  0.09 -0.39 -0.31  0.38
 1994  8 -0.06 -0.06 -0.06 -0.05  0.05 -0.12 -0.06 -0.31 -0.01 -0.11 -0.16 -0.10 -0.02  0.12 -0.16 -0.04 -0.50  0.04 -0.01  0.40 -0.47 -0.99 -1.35 -0.82 -0.13  0.18 -0.36
 1994  9  0.02  0.05  0.01  0.01  0.00  0.01  0.03  0.15  0.00  0.07 -0.05  0.11 -0.01  0.03 -0.05 -0.01  0.25 -0.05 -0.22  0.19 -0.69  0.45  0.45  0.45 -0.28 -0.30 -0.58
 1994 10 -0.22 -0.12 -0.27 -0.06 -0.06 -0.06 -0.39 -0.25 -0.41 -0.20 -0.25 -0.18  0.02  0.01  0.03 -0.49 -0.30 -0.53 -0.08  0.28 -0.50 -0.05  0.09 -0.12 -0.12 -0.25 -0.71
 1994 11  0.05  0.17  0.01  0.17  0.17  0.17 -0.06  0.17 -0.11  0.01  0.02  0.01  0.26  0.24  0.28 -0.11  0.19 -0.16 -0.72 -0.82 -0.60  0.56  0.32  0.67  0.17 -0.13 -0.23
 1994 12  0.08  0.08  0.08  0.15  0.09  0.19  0.01  0.05 -0.00  0.26  0.10  0.30  0.08  0.11  0.06 -0.11 -0.04 -0.12 -0.41 -0.26 -0.57 -0.25 -0.82  0.01  1.56  1.19  0.13
 1995  1  0.05  0.13  0.01  0.20  0.33  0.13 -0.11 -0.31 -0.07  0.16  0.06  0.19  0.22  0.41  0.05 -0.24 -0.64 -0.17  0.63  1.07  0.13 -0.73 -1.38 -0.42 -0.19  0.01 -0.40
 1995  2 -0.02  0.18 -0.10  0.09  0.36 -0.09 -0.12 -0.22 -0.10  0.00 -0.23  0.07  0.14  0.53 -0.21 -0.20 -0.25 -0.19  0.58  1.13 -0.04 -0.20 -0.22 -0.19  0.38  0.40 -0.44
 1995  3 -0.07 -0.08 -0.06 -0.09 -0.09 -0.09 -0.04 -0.05 -0.04  0.08 -0.02  0.11 -0.18 -0.09 -0.26 -0.10 -0.12 -0.10 -0.61 -0.35 -0.92  0.02 -0.06  0.06  0.61  0.28  0.13
 1995  4  0.14  0.03  0.18  0.16 -0.01  0.27  0.12  0.13  0.12  0.27  0.26  0.28  0.08 -0.08  0.23  0.05  0.02  0.06  1.39  1.29  1.50  0.30  0.15  0.36 -1.00 -0.55 -0.23
 1995  5  0.05 -0.08  0.10  0.07 -0.07  0.17  0.03 -0.12  0.06  0.12  0.10  0.13  0.05 -0.11  0.20 -0.02 -0.28  0.02  0.40  0.38  0.42 -0.57 -1.10 -0.31 -0.92 -0.50  0.02
 1995  6  0.14  0.21  0.11  0.24  0.29  0.20  0.04  0.03  0.04  0.36  0.43  0.34  0.16  0.24  0.08 -0.12 -0.21 -0.11  0.20  0.23  0.18  0.01 -0.58  0.29 -0.60 -0.51 -0.29
 1995  7  0.07  0.32 -0.03  0.08  0.10  0.07  0.05  0.84 -0.11  0.15  0.34  0.09  0.07  0.07  0.07 -0.02  1.10 -0.22 -0.11 -0.27  0.07  1.17  2.60  0.50 -0.17 -0.07 -0.14
 1995  8  0.28  0.51  0.18  0.32  0.42  0.25  0.24  0.71  0.14  0.30  0.42  0.26  0.36  0.47  0.27  0.17  0.78  0.06  0.58  0.59  0.58  0.47  0.81  0.31  1.47  1.15  0.88
 1995  9  0.22  0.18  0.24  0.27  0.17  0.34  0.17  0.19  0.16  0.27  0.33  0.25  0.29  0.15  0.41  0.10  0.03  0.12  0.61  0.59  0.62 -0.44 -1.02 -0.16 -0.12  0.30  0.59
 1995 10  0.09  0.14  0.06  0.05  0.14 -0.02  0.12  0.13  0.12  0.12  0.21  0.09  0.03  0.15 -0.08  0.11 -0.01  0.13 -0.82 -0.58 -1.09  0.29 -0.09  0.46  0.27  0.19  0.48
 1995 11  0.08  0.28  0.00  0.28  0.37  0.22 -0.11  0.09 -0.15 -0.00  0.12 -0.04  0.39  0.43  0.36 -0.14  0.06 -0.18  1.10  1.06  1.14 -0.35 -0.13 -0.45 -0.31 -0.19  0.13
 1995 12 -0.18 -0.37 -0.11 -0.37 -0.51 -0.28  0.01 -0.06  0.02 -0.20 -0.26 -0.18 -0.46 -0.53 -0.39  0.12 -0.03  0.14 -0.47 -0.50 -0.43 -0.14 -0.46  0.01  0.06  0.01  0.37
 1996  1 -0.15 -0.41 -0.05 -0.16 -0.43  0.01 -0.14 -0.35 -0.10 -0.26 -0.09 -0.31 -0.13 -0.55  0.24 -0.06 -0.48  0.02  0.68  0.08  1.38 -0.38 -0.60 -0.28 -0.63 -0.70 -0.24
 1996  2  0.01  0.01  0.01 -0.01  0.04 -0.04  0.03 -0.04  0.04 -0.05  0.08 -0.09  0.02  0.01  0.03  0.07 -0.07  0.09  0.11  0.22 -0.02  0.13  0.36  0.03  0.46  0.29 -0.27
 1996  3  0.05 -0.22  0.15 -0.03 -0.34  0.17  0.12  0.04  0.14  0.09  0.14  0.08 -0.07 -0.47  0.28  0.12 -0.03  0.15  1.00  0.67  1.39  0.16 -0.04  0.26 -1.15 -0.56  0.21
 1996  4 -0.08 -0.25 -0.02 -0.31 -0.53 -0.18  0.14  0.38  0.10 -0.05 -0.03 -0.06 -0.44 -0.65 -0.26  0.24  0.66  0.17  0.11 -0.21  0.48  0.73  1.27  0.48 -0.44 -0.40  0.50
 1996  5 -0.10 -0.14 -0.09 -0.10 -0.01 -0.16 -0.10 -0.45 -0.03 -0.04 -0.03 -0.04 -0.15 -0.01 -0.28 -0.12 -0.73 -0.01 -0.49 -0.40 -0.58 -1.06 -1.97 -0.64  0.34  0.41  0.20
 1996  6 -0.07 -0.06 -0.07 -0.04 -0.01 -0.06 -0.09 -0.16 -0.08  0.06  0.06  0.06 -0.09 -0.02 -0.16 -0.18 -0.35 -0.15 -0.51 -0.33 -0.73 -0.02 -0.61  0.26  0.54  0.39  0.18
 1996  7  0.03  0.06  0.02  0.02  0.05  0.00  0.03  0.06  0.03  0.08  0.05  0.10 -0.01  0.04 -0.06  0.01  0.12 -0.01 -0.43 -0.13 -0.77  0.32  0.61  0.18  0.01 -0.07  0.20
 1996  8  0.08  0.10  0.07 -0.15 -0.28 -0.08  0.31  0.95  0.18 -0.04  0.05 -0.07 -0.20 -0.35 -0.07  0.49  1.58  0.30 -0.78 -1.05 -0.47  2.37  3.51  1.84 -0.10 -0.25 -0.05
 1996  9  0.15 -0.02  0.21 -0.11 -0.31  0.02  0.40  0.64  0.35  0.19  0.16  0.20 -0.27 -0.44 -0.12  0.51  1.01  0.42 -0.10 -0.44  0.28  1.41  2.15  1.06 -0.91 -0.98  0.64
 1996 10  0.05 -0.04  0.09 -0.05 -0.15  0.02  0.15  0.20  0.14  0.05  0.04  0.05 -0.12 -0.20 -0.05  0.22  0.33  0.20 -0.26 -0.33 -0.18  0.24  0.16  0.28  0.02 -0.25  0.61
 1996 11  0.03  0.09  0.00  0.11  0.07  0.14 -0.06  0.14 -0.10 -0.12 -0.16 -0.11  0.24  0.14  0.34 -0.03  0.32 -0.10  1.22  1.23  1.21  0.73  0.94  0.63 -0.58 -0.11 -0.04
 1996 12 -0.08 -0.03 -0.10 -0.06 -0.08 -0.05 -0.11  0.07 -0.14 -0.18 -0.13 -0.20  0.03 -0.04  0.09 -0.09  0.15 -0.14  0.11 -0.18  0.44  0.08  0.30 -0.02 -0.04 -0.02  0.06
 1997  1 -0.15 -0.21 -0.13 -0.36 -0.25 -0.43  0.05 -0.10  0.09 -0.28 -0.26 -0.29 -0.38 -0.24 -0.51  0.21 -0.02  0.25 -0.52 -0.35 -0.71 -0.14 -0.14 -0.14 -0.41 -0.43 -0.30
 1997  2 -0.08 -0.18 -0.05 -0.15 -0.25 -0.08 -0.02 -0.03 -0.02 -0.31 -0.35 -0.30 -0.08 -0.21  0.04  0.15  0.19  0.14 -0.72 -0.48 -0.99 -0.24 -0.43 -0.14  0.09  0.29  1.38
 1997  3 -0.13 -0.18 -0.11 -0.17 -0.23 -0.13 -0.10 -0.08 -0.10 -0.26 -0.21 -0.28 -0.10 -0.19 -0.02 -0.03 -0.11 -0.02  0.07 -0.12  0.29  0.37  0.10  0.50  0.96  0.54 -0.04
 1997  4 -0.26 -0.31 -0.25 -0.25 -0.25 -0.25 -0.27 -0.44 -0.24 -0.35 -0.51 -0.30 -0.20 -0.16 -0.24 -0.24 -0.47 -0.20  0.45  1.04 -0.22 -0.32 -0.67 -0.16 -1.68 -1.32 -0.55
 1997  5 -0.10 -0.36  0.01 -0.19 -0.31 -0.11 -0.01 -0.47  0.09 -0.12 -0.37 -0.04 -0.23 -0.31 -0.16  0.05 -0.52  0.16 -0.25 -0.35 -0.12 -0.41 -1.07 -0.10 -0.57 -0.38 -0.13
 1997  6 -0.03 -0.01 -0.03 -0.07 -0.02 -0.10  0.01  0.01  0.02  0.01  0.06  0.00 -0.13 -0.05 -0.20  0.03 -0.02  0.04  0.05  0.02  0.09  0.70  0.88  0.62 -0.12 -0.02 -1.08
 1997  7  0.09 -0.04  0.14  0.12  0.01  0.20  0.05 -0.15  0.10  0.46  0.41  0.48 -0.05 -0.10  0.00 -0.17 -0.56 -0.10 -0.20 -0.33 -0.04 -0.77 -1.93 -0.22 -0.14 -0.08 -0.44
 1997  8  0.09  0.01  0.12  0.17  0.16  0.18  0.00 -0.31  0.07  0.31  0.22  0.33  0.09  0.11  0.08 -0.15 -0.63 -0.07  0.07  0.26 -0.14 -0.71 -1.41 -0.38 -0.15  0.05 -0.42
 1997  9  0.06  0.04  0.06  0.18  0.05  0.27 -0.07  0.02 -0.08  0.45  0.54  0.42  0.07 -0.07  0.19 -0.36 -0.41 -0.35  0.59  0.43  0.78 -0.90 -1.27 -0.73  0.98  1.01 -0.36
 1997 10  0.10  0.07  0.12  0.11  0.06  0.14  0.10  0.08  0.10  0.33  0.32  0.33  0.01  0.01  0.02 -0.05 -0.17 -0.03  0.31  0.49  0.11  0.08 -0.01  0.12 -0.30 -0.47 -0.33
 1997 11  0.09  0.02  0.12 -0.03 -0.23  0.10  0.21  0.57  0.13  0.34  0.34  0.34 -0.17 -0.36 -0.00  0.09  0.70 -0.02 -0.11 -0.41  0.23  1.06  1.74  0.74 -1.11 -0.81 -0.21
 1997 12  0.25  0.17  0.28  0.20 -0.02  0.34  0.30  0.60  0.24  0.72  0.52  0.78 -0.07 -0.18  0.02  0.08  0.72 -0.03 -0.53 -0.69 -0.35  0.32  0.82  0.09 -0.33 -0.59  0.67
 1998  1  0.48  0.17  0.60  0.37  0.01  0.61  0.58  0.52  0.60  1.14  0.97  1.18 -0.04 -0.24  0.13  0.31  0.18  0.33  0.25  0.21  0.29 -0.15 -0.54  0.04  0.29  0.31  0.73
 1998  2  0.65  0.83  0.58  0.66  0.79  0.58  0.65  0.95  0.58  1.28  1.22  1.30  0.31  0.69 -0.04  0.34  0.67  0.28 -1.17 -0.83 -1.55  0.74  0.69  0.76  0.29  0.34  0.64
 1998  3  0.47  0.19  0.59  0.49  0.12  0.73  0.46  0.34  0.48  1.13  1.04  1.16  0.14 -0.10  0.35  0.12 -0.27  0.18 -0.01 -0.10  0.09 -0.72 -1.22 -0.48 -0.60 -0.11  0.55
 1998  4  0.74  0.63  0.78  0.85  0.76  0.91  0.64  0.36  0.69  1.18  1.32  1.14  0.68  0.60  0.75  0.34 -0.35  0.47  0.28  0.04  0.55 -0.61 -1.77 -0.06 -0.77 -0.52  0.63
 1998  5  0.64  0.72  0.62  0.58  0.62  0.55  0.71  0.93  0.66  0.98  1.03  0.96  0.41  0.51  0.33  0.52  0.84  0.46  0.10  0.14  0.06  0.84  0.46  1.02  0.72  0.63  1.56
 1998  6  0.57  0.67  0.54  0.60  0.65  0.56  0.55  0.71  0.52  0.63  0.66  0.62  0.60  0.66  0.56  0.49  0.70  0.45  0.75  1.12  0.32  0.71  0.63  0.75 -0.28 -0.20  0.36
 1998  7  0.51  0.64  0.46  0.65  0.79  0.55  0.38  0.29  0.39  0.46  0.64  0.41  0.76  0.87  0.67  0.31 -0.08  0.38  0.97  1.03  0.90 -0.62 -0.99 -0.44  0.88  0.78  0.05
 1998  8  0.52  0.62  0.47  0.49  0.61  0.41  0.54  0.66  0.52  0.46  0.60  0.42  0.52  0.64  0.41  0.57  0.61  0.57  0.55  0.62  0.46  0.38  0.51  0.32  0.65  0.38  1.08
 1998  9  0.44  0.42  0.45  0.51  0.55  0.49  0.37  0.13  0.42  0.36  0.39  0.35  0.60  0.60  0.59  0.37 -0.10  0.46  0.04 -0.30  0.43  0.07 -0.49  0.33  1.78  1.49  0.71
 1998 10  0.40  0.53  0.35  0.49  0.66  0.38  0.32  0.23  0.34  0.37  0.43  0.36  0.54  0.72  0.38  0.30  0.06  0.34 -0.24 -0.40 -0.05 -0.52 -0.70 -0.44  0.73  0.76  0.87
 1998 11  0.12  0.10  0.13  0.13  0.12  0.13  0.12  0.06  0.13  0.11  0.23  0.08  0.13  0.08  0.18  0.12 -0.02  0.15  0.38 -0.11  0.93 -0.47 -0.43 -0.49  0.81  0.96  0.66
 1998 12  0.25  0.34  0.21  0.24  0.49  0.08  0.25  0.01  0.30  0.02  0.18 -0.02  0.37  0.57  0.20  0.35 -0.10  0.43  0.11 -0.06  0.30 -0.41 -0.64 -0.30  0.96  0.70  0.49
 1999  1  0.06  0.24 -0.01  0.11  0.33 -0.03  0.01  0.01  0.00 -0.16  0.02 -0.22  0.28  0.41  0.16  0.08  0.03  0.08 -0.68 -0.69 -0.68 -0.80 -0.40 -0.98  0.64  0.18  1.03
 1999  2  0.17  0.53  0.02  0.19  0.73 -0.15  0.14  0.08  0.15 -0.25  0.03 -0.34  0.45  0.91  0.03  0.33  0.15  0.36  0.01  0.11 -0.10  0.03 -0.10  0.09  1.32  0.46  0.04
 1999  3 -0.08 -0.08 -0.08 -0.09 -0.13 -0.07 -0.07  0.03 -0.09 -0.18  0.04 -0.25 -0.02 -0.21  0.16 -0.04  0.16 -0.07  0.17 -0.37  0.78 -0.11 -0.33 -0.01  0.27  0.02  0.30
 1999  4  0.01  0.02  0.01  0.23  0.37  0.14 -0.21 -0.78 -0.10 -0.25 -0.18 -0.27  0.50  0.50  0.50 -0.21 -1.18 -0.04  0.23  0.13  0.34 -0.84 -2.03 -0.27  0.21  0.12 -0.91
 1999  5 -0.04  0.05 -0.07  0.05  0.20 -0.05 -0.12 -0.31 -0.08 -0.38 -0.29 -0.40  0.28  0.34  0.23  0.01 -0.33  0.06  0.28  0.18  0.40 -0.73 -1.30 -0.46 -0.16 -0.20  0.50
 1999  6 -0.15  0.03 -0.23  0.02  0.04  0.01 -0.33 -0.01 -0.40 -0.31 -0.11 -0.37  0.21  0.08  0.32 -0.35  0.07 -0.43  0.31  0.08  0.57  0.17  0.76 -0.11 -0.21  0.02 -0.36
 1999  7 -0.02  0.11 -0.07  0.03  0.15 -0.04 -0.08  0.02 -0.10 -0.23 -0.15 -0.25  0.19  0.25  0.14 -0.01  0.07 -0.03  0.04 -0.11  0.20 -0.25 -0.68 -0.05  0.44  0.45  0.91
 1999  8 -0.07  0.02 -0.11 -0.05 -0.02 -0.06 -0.10  0.13 -0.15 -0.23 -0.21 -0.24  0.07  0.04  0.09 -0.05  0.32 -0.11 -0.20 -0.53  0.18 -0.15  0.10 -0.27  0.28  0.34  0.39
 1999  9  0.05  0.22 -0.01  0.11  0.25  0.03 -0.01  0.15 -0.05 -0.24 -0.12 -0.27  0.30  0.34  0.27  0.10  0.35  0.06  0.52  0.30  0.78  0.33  0.52  0.24 -0.29 -0.24  0.33
 1999 10 -0.01  0.05 -0.04 -0.05  0.07 -0.13  0.03 -0.00  0.03 -0.25 -0.24 -0.25  0.06  0.16 -0.03  0.17  0.15  0.17 -0.16 -0.12 -0.20  0.16  0.14  0.17  0.76  0.40  0.02
 1999 11 -0.07 -0.02 -0.08  0.08  0.22 -0.01 -0.21 -0.56 -0.14 -0.27 -0.21 -0.29  0.25  0.30  0.20 -0.16 -0.73 -0.06  0.10 -0.02  0.25 -0.32 -0.46 -0.25  1.98  1.50 -1.43
 1999 12 -0.04  0.10 -0.10  0.12  0.48 -0.11 -0.21 -0.76 -0.09 -0.29 -0.12 -0.34  0.36  0.65  0.09 -0.18 -1.26  0.01 -0.41  0.02 -0.90 -1.10 -2.32 -0.52  0.89  0.33 -0.59
 2000  1 -0.27 -0.37 -0.23 -0.26 -0.24 -0.28 -0.28 -0.67 -0.20 -0.29 -0.02 -0.37 -0.22 -0.32 -0.13 -0.30 -1.07 -0.16 -0.73 -0.75 -0.71 -1.40 -2.01 -1.11  0.28  0.02 -0.50
 2000  2 -0.07  0.02 -0.10 -0.08  0.15 -0.22 -0.06 -0.27 -0.01 -0.43 -0.41 -0.43  0.13  0.31 -0.02  0.11 -0.22  0.17  0.40  0.71  0.04 -0.23 -0.74  0.02  1.58  1.64  0.56
 2000  3 -0.01  0.02 -0.02 -0.04  0.16 -0.16  0.02 -0.30  0.08 -0.37 -0.23 -0.41  0.15  0.24  0.07  0.21 -0.29  0.30  0.45  0.42  0.47 -0.40 -0.95 -0.14  1.24  1.25  0.60
 2000  4  0.05  0.40 -0.08  0.19  0.63 -0.10 -0.08 -0.12 -0.07 -0.26 -0.18 -0.28  0.43  0.83  0.07  0.01 -0.02  0.01  0.56  0.95  0.11 -0.58 -0.36 -0.69  0.72  0.67  0.19
 2000  5  0.09  0.13  0.07  0.12  0.29  0.02  0.05 -0.23  0.11 -0.15 -0.04 -0.18  0.27  0.38  0.18  0.15 -0.39  0.25 -0.16 -0.19 -0.13 -0.16 -0.54  0.02  1.40  0.88 -0.07
 2000  6  0.07  0.17  0.03  0.07  0.20 -0.01  0.07  0.09  0.06 -0.22 -0.12 -0.24  0.24  0.29  0.19  0.20  0.25  0.19 -0.12  0.15 -0.43  0.41  1.01  0.13  0.28  0.25 -0.76
 2000  7 -0.05  0.02 -0.07 -0.03  0.09 -0.11 -0.07 -0.15 -0.05 -0.18 -0.15 -0.19  0.02  0.12 -0.07  0.02 -0.04  0.03  0.12  0.19  0.04  0.38  0.36  0.39 -0.15 -0.20  0.09
 2000  8 -0.11  0.00 -0.16 -0.03  0.05 -0.07 -0.20 -0.10 -0.22 -0.09 -0.10 -0.09  0.01  0.08 -0.06 -0.25 -0.07 -0.29  0.07 -0.11  0.29  0.04  0.60 -0.22  0.37  0.17 -0.48
 2000  9  0.02  0.10 -0.00  0.02  0.00  0.04  0.02  0.31 -0.04 -0.09 -0.02 -0.11  0.09  0.00  0.16  0.08  0.59 -0.01 -0.24 -0.24 -0.24  0.61  1.36  0.26  0.48  0.28  0.66
 2000 10  0.04 -0.12  0.10 -0.03 -0.16  0.05  0.11 -0.03  0.14  0.09  0.00  0.12 -0.09 -0.20  0.01  0.12 -0.07  0.15  0.30  0.03  0.61 -0.21 -0.59 -0.02 -0.14 -0.18  0.01
 2000 11  0.01 -0.08  0.05 -0.01 -0.21  0.12  0.03  0.20 -0.00  0.14  0.10  0.15 -0.10 -0.29  0.08 -0.01  0.30 -0.07  0.49  0.40  0.59  0.62  1.39  0.25 -1.66 -1.18  0.12
 2000 12 -0.02 -0.06 -0.01 -0.04 -0.14  0.02 -0.01  0.09 -0.03  0.05  0.04  0.05 -0.12 -0.19 -0.06 -0.00  0.16 -0.03  0.18 -0.05  0.44 -0.29  0.12 -0.49 -1.23 -0.74  0.31
 2001  1 -0.05  0.07 -0.10 -0.02  0.15 -0.14 -0.08 -0.12 -0.07 -0.24 -0.23 -0.24  0.06  0.19 -0.07  0.04  0.15  0.02  0.10 -0.06  0.28 -0.02  0.07 -0.07 -0.02  0.21  0.46
 2001  2  0.10 -0.01  0.15 -0.09 -0.17 -0.04  0.30  0.38  0.29 -0.06 -0.07 -0.06 -0.09 -0.21  0.01  0.48  0.73  0.43 -0.05 -0.47  0.44  0.14  0.50 -0.03 -0.17  0.12  1.03
 2001  3  0.05  0.21 -0.01  0.10  0.33 -0.05  0.01 -0.07  0.02 -0.17 -0.30 -0.13  0.26  0.51  0.04  0.07  0.09  0.07  0.06  0.31 -0.22 -0.04  0.13 -0.11 -0.71 -0.70 -0.18
 2001  4  0.20  0.19  0.20  0.19  0.25  0.14  0.21  0.04  0.24  0.07  0.02  0.08  0.25  0.30  0.21  0.28  0.08  0.32 -0.05  0.13 -0.26 -0.03 -0.06 -0.02  0.52  0.46 -0.02
 2001  5  0.20  0.41  0.11  0.30  0.53  0.16  0.09  0.13  0.08  0.04  0.06  0.04  0.43  0.64  0.24  0.12  0.22  0.11  0.25  0.46 -0.00  0.55  0.93  0.36  0.49 -0.04 -0.62
 2001  6  0.03  0.12  0.00  0.06  0.18 -0.02  0.01 -0.03  0.02 -0.12 -0.28 -0.08  0.17  0.30  0.05  0.07  0.18  0.05  0.29  0.51  0.04 -0.23  0.04 -0.35  0.02  0.13  0.35
 2001  7  0.08  0.19  0.04  0.14  0.23  0.08  0.02  0.11 -0.00  0.05  0.03  0.06  0.18  0.27  0.09  0.01  0.20 -0.03  0.24  0.55 -0.11  0.29  0.67  0.11  0.26  0.16 -0.32
 2001  8  0.25  0.25  0.24  0.32  0.36  0.30  0.17 -0.00  0.21  0.24  0.19  0.25  0.35  0.41  0.29  0.15 -0.15  0.20  0.67  0.85  0.46 -0.75 -1.51 -0.39  0.41  0.53  0.69
 2001  9 -0.00 -0.08  0.02 -0.01 -0.09  0.04 -0.00 -0.06  0.01 -0.05 -0.02 -0.06  0.01 -0.09  0.10  0.03 -0.13  0.06  0.33  0.04  0.67 -0.52 -0.22 -0.67  0.02  0.08 -0.24
 2001 10  0.19 -0.01  0.27  0.07  0.04  0.09  0.30 -0.13  0.39  0.21  0.10  0.24 -0.00  0.02 -0.02  0.35 -0.28  0.46 -0.38 -0.33 -0.43 -0.18 -0.39 -0.09 -0.11 -0.34 -0.64
 2001 11  0.18  0.30  0.13  0.22  0.47  0.05  0.14 -0.08  0.18  0.16  0.16  0.16  0.25  0.55 -0.03  0.13 -0.26  0.20  0.02  0.20 -0.20 -0.46 -0.42 -0.49  1.38  1.24 -0.08
 2001 12  0.16  0.06  0.20  0.17  0.13  0.19  0.15 -0.10  0.20  0.17  0.24  0.14  0.17  0.11  0.21  0.14 -0.41  0.23  0.81  0.67  0.96 -0.59 -0.55 -0.61  0.44  0.11 -0.34
 2002  1  0.24  0.41  0.17  0.37  0.57  0.24  0.11  0.07  0.11  0.05  0.00  0.06  0.53  0.74  0.35  0.14  0.05  0.15  0.26  0.40  0.10  0.29  0.77  0.06  0.66  0.70 -0.40
 2002  2  0.30  0.51  0.22  0.36  0.76  0.11  0.24 -0.05  0.30  0.13  0.22  0.11  0.48  0.91  0.10  0.30 -0.27  0.40 -1.30 -0.72 -1.98  0.34 -0.22  0.60  0.62  0.33 -0.24
 2002  3  0.24  0.42  0.16  0.33  0.45  0.26  0.14  0.36  0.10  0.12  0.09  0.13  0.44  0.53  0.36  0.15  0.60  0.07  0.97  0.69  1.29  1.02  1.46  0.81 -0.65 -0.32 -0.22
 2002  4  0.23  0.20  0.24  0.20  0.03  0.31  0.26  0.57  0.19  0.05  0.12  0.03  0.29  0.01  0.54  0.36  0.93  0.26 -0.18 -0.36  0.03  0.74  1.56  0.36  1.08  0.92  0.64
 2002  5  0.25  0.32  0.22  0.18  0.03  0.27  0.32  0.99  0.18  0.27  0.25  0.27  0.13 -0.03  0.28  0.35  1.55  0.13  0.61  0.48  0.76  1.45  3.08  0.67 -0.45 -0.16  0.63
 2002  6  0.30  0.31  0.30  0.14  0.14  0.13  0.46  0.70  0.42  0.22  0.17  0.23  0.13  0.16  0.10  0.56  1.01  0.48  0.27  0.35  0.17  0.65  1.18  0.40  0.65  0.51  1.76
 2002  7  0.23  0.33  0.19  0.26  0.28  0.25  0.20  0.44  0.15  0.43  0.41  0.43  0.16  0.23  0.10  0.10  0.54  0.02 -0.06  0.04 -0.17 -0.05  0.84 -0.48  0.58  0.39  1.05
 2002  8  0.18  0.02  0.24 -0.02 -0.09  0.01  0.38  0.27  0.41  0.25  0.26  0.25 -0.16 -0.18 -0.14  0.44  0.31  0.47 -0.07 -0.27  0.16  0.23  0.04  0.32 -0.19 -0.36  0.53
 2002  9  0.20  0.18  0.21  0.08  0.05  0.09  0.33  0.46  0.31  0.20  0.17  0.20  0.01  0.01  0.02  0.40  0.70  0.35  0.08 -0.02  0.19  1.18  1.38  1.09  0.49  0.54  0.52
 2002 10  0.07  0.04  0.09 -0.16 -0.32 -0.06  0.31  0.85  0.20  0.17  0.14  0.17 -0.29 -0.41 -0.19  0.34  1.28  0.18  0.91  0.81  1.02  1.01  1.78  0.65 -1.24 -0.56  1.01
 2002 11  0.21  0.27  0.19  0.18  0.22  0.15  0.24  0.39  0.21  0.24  0.16  0.26  0.16  0.25  0.09  0.23  0.54  0.17  0.96  0.95  0.97  0.66  0.87  0.57 -0.58  0.06  0.64
 2002 12  0.15 -0.13  0.26 -0.01 -0.26  0.15  0.30  0.16  0.33  0.40  0.27  0.43 -0.21 -0.39 -0.05  0.24  0.04  0.28  0.65 -0.01  1.40  0.51  0.21  0.65 -0.17  0.03 -0.27
 2003  1  0.34  0.58  0.25  0.47  0.65  0.36  0.21  0.43  0.17  0.42  0.42  0.42  0.48  0.71  0.28  0.11  0.41  0.06  0.60  0.71  0.47  0.75  0.74  0.76  0.68  0.99  0.12
 2003  2  0.25  0.21  0.27  0.17  0.03  0.26  0.34  0.61  0.28  0.50  0.45  0.51 -0.02 -0.12  0.06  0.27  0.83  0.17  0.10  0.06  0.14  0.58  1.55  0.12 -0.72 -0.27  0.13
 2003  3  0.15  0.08  0.17  0.10 -0.01  0.17  0.20  0.30  0.17  0.24  0.14  0.27 -0.00 -0.06  0.05  0.19  0.44  0.14  0.39  0.34  0.44  0.29  0.81  0.05  0.11  0.07 -0.27
 2003  4  0.15  0.12  0.16  0.23  0.12  0.30  0.07  0.11  0.06  0.21  0.20  0.21  0.24  0.09  0.37 -0.00  0.07 -0.01  0.45  0.18  0.75  0.15  0.05  0.20  0.20  0.41 -0.09
 2003  5  0.21  0.21  0.21  0.31  0.23  0.36  0.10  0.15  0.09  0.19  0.28  0.17  0.37  0.21  0.51  0.06  0.09  0.05  0.41  0.34  0.48 -0.77 -0.83 -0.74  0.20  0.08  0.82
 2003  6 -0.00 -0.07  0.02  0.07 -0.07  0.17 -0.08 -0.06 -0.09 -0.03 -0.01 -0.04  0.15 -0.07  0.34 -0.13 -0.17 -0.12  0.16 -0.02  0.35 -0.83 -1.12 -0.70 -0.44 -0.34  0.14
 2003  7  0.08  0.07  0.08  0.04  0.04  0.03  0.11  0.13  0.11  0.17  0.17  0.17 -0.00  0.04 -0.04  0.06  0.00  0.07  0.29  0.49  0.05 -0.62 -0.88 -0.50  0.41  0.41  0.77
 2003  8  0.09  0.10  0.09  0.17  0.24  0.12  0.02 -0.23  0.07  0.15  0.05  0.18  0.17  0.29  0.07 -0.05 -0.42  0.02  0.73  0.85  0.60  0.04 -0.33  0.21  0.49  0.36 -0.15
 2003  9  0.14  0.26  0.10  0.24  0.24  0.23  0.05  0.30  0.00  0.12  0.02  0.15  0.29  0.31  0.27  0.02  0.48 -0.06  0.52  0.73  0.29  0.28  0.43  0.21 -0.20 -0.26  1.00
 2003 10  0.28  0.38  0.25  0.45  0.54  0.38  0.12  0.01  0.14  0.32  0.35  0.32  0.50  0.59  0.42  0.03 -0.24  0.07  1.22  1.33  1.09 -0.58 -0.50 -0.62  1.15  1.34 -0.67
 2003 11  0.17 -0.09  0.27  0.02 -0.26  0.19  0.33  0.28  0.34  0.30  0.27  0.31 -0.11 -0.39  0.13  0.32  0.26  0.33 -0.35 -0.66 -0.00  0.25  0.33  0.21 -0.20 -0.27  0.08
 2003 12  0.38  0.63  0.28  0.50  0.70  0.37  0.25  0.47  0.21  0.27  0.23  0.28  0.64  0.85  0.46  0.22  0.60  0.15  0.43  0.81 -0.00  0.43  1.03  0.15  0.64  0.52  0.78
 2004  1  0.21  0.16  0.23  0.12  0.09  0.15  0.30  0.33  0.29  0.32  0.30  0.32  0.03  0.03  0.04  0.28  0.35  0.27  0.71  0.54  0.89  0.31  0.64  0.16 -0.26 -0.25 -0.07
 2004  2  0.25  0.52  0.14  0.44  0.59  0.35  0.05  0.36 -0.01  0.25  0.07  0.30  0.50  0.71  0.30 -0.00  0.63 -0.11  0.54  0.80  0.25  0.44  1.12  0.12 -0.40 -0.25  0.90
 2004  3  0.35  0.53  0.29  0.52  0.62  0.47  0.18  0.32  0.15  0.27  0.31  0.25  0.64  0.69  0.60  0.16  0.34  0.12  0.14 -0.14  0.46  0.24  0.44  0.14  1.59  1.23  0.61
 2004  4  0.14  0.09  0.16  0.17  0.04  0.25  0.11  0.20  0.09  0.07  0.03  0.08  0.23  0.06  0.39  0.11  0.28  0.08  0.57 -0.11  1.35 -0.13  0.17 -0.28  0.20  0.43  0.16
 2004  5  0.08  0.04  0.09  0.23  0.17  0.26 -0.07 -0.25 -0.04  0.07  0.08  0.07  0.31  0.18  0.42 -0.14 -0.44 -0.09  0.47  0.45  0.49 -0.56 -0.49 -0.60  0.45  0.85 -0.21
 2004  6 -0.00 -0.13  0.05 -0.12 -0.27 -0.03  0.12  0.17  0.11 -0.14 -0.23 -0.11 -0.11 -0.28  0.05  0.24  0.48  0.20 -0.01 -0.08  0.08 -0.17 -0.22 -0.14 -0.74 -0.24  1.62
 2004  7 -0.23 -0.53 -0.12 -0.27 -0.46 -0.15 -0.20 -0.69 -0.09 -0.22 -0.21 -0.23 -0.30 -0.51 -0.10 -0.18 -1.09 -0.02 -0.13 -0.31  0.07 -1.65 -2.74 -1.13 -0.72 -0.43  0.06
 2004  8 -0.10 -0.24 -0.04 -0.07 -0.30  0.08 -0.13 -0.12 -0.13  0.09  0.08  0.09 -0.16 -0.39  0.04 -0.23 -0.29 -0.22  0.14 -0.12  0.44 -0.95 -1.08 -0.88 -1.43 -0.80  0.03
 2004  9  0.02 -0.05  0.04 -0.04 -0.01 -0.06  0.07 -0.14  0.12 -0.08 -0.07 -0.09  0.00  0.01 -0.00  0.13 -0.22  0.19 -0.12 -0.18 -0.06 -0.35 -0.93 -0.08  0.14 -0.18 -0.27
 2004 10  0.15  0.06  0.18  0.09 -0.05  0.18  0.20  0.32  0.18  0.14  0.13  0.14  0.08 -0.09  0.24  0.22  0.44  0.18  0.02 -0.30  0.38  0.13  0.64 -0.11 -0.01  0.16  0.78
 2004 11  0.06  0.19  0.01  0.15  0.25  0.08 -0.03  0.06 -0.05  0.20  0.15  0.22  0.13  0.28 -0.00 -0.16 -0.00 -0.19 -0.15  0.10 -0.43 -0.05  0.08 -0.11  0.21  0.18 -0.15
 2004 12  0.05 -0.04  0.08  0.03 -0.16  0.15  0.06  0.23  0.03  0.24  0.25  0.23 -0.07 -0.30  0.13 -0.03  0.31 -0.09 -1.07 -1.25 -0.87  0.38  1.12  0.03  0.29  0.27 -0.35
 2005  1  0.29  0.31  0.29  0.35  0.23  0.43  0.24  0.49  0.18  0.29  0.26  0.30  0.39  0.26  0.51  0.20  0.55  0.14  1.00  0.93  1.09  0.67  0.89  0.57  1.09  1.26  0.36
 2005  2  0.18 -0.03  0.26  0.13 -0.21  0.34  0.23  0.38  0.20  0.55  0.71  0.51 -0.12 -0.48  0.20  0.08  0.19  0.06  0.73  0.31  1.20 -0.01  0.18 -0.10  0.61  0.50  0.04
 2005  3  0.19  0.25  0.16  0.31  0.23  0.36  0.07  0.29  0.02  0.45  0.43  0.46  0.22  0.16  0.27 -0.13  0.23 -0.19  0.82  0.74  0.90  0.04  0.58 -0.21 -0.86 -0.48  0.12
 2005  4  0.33  0.48  0.26  0.45  0.56  0.38  0.20  0.31  0.18  0.41  0.45  0.40  0.46  0.61  0.32  0.10  0.13  0.10  0.90  1.03  0.75 -0.11 -0.52  0.09  0.04  0.21  1.46
 2005  5  0.13  0.11  0.14  0.06  0.05  0.06  0.21  0.23  0.20  0.14  0.05  0.17  0.01  0.10 -0.06  0.24  0.21  0.25  0.85  1.14  0.51  0.06 -0.04  0.11 -0.58 -0.19  0.50
 2005  6  0.15  0.24  0.11  0.26  0.20  0.30  0.04  0.35 -0.02  0.30  0.34  0.28  0.23  0.19  0.28 -0.09  0.27 -0.15  0.33  0.29  0.36  0.17  0.43  0.04  0.03  0.13  0.02
 2005  7  0.22  0.25  0.21  0.28  0.17  0.35  0.16  0.43  0.10  0.31  0.27  0.33  0.29  0.18  0.39  0.05  0.45 -0.02  0.22  0.05  0.42 -0.15 -0.12 -0.16  0.62  0.41  0.89
 2005  8  0.10  0.13  0.09  0.17  0.10  0.21  0.03  0.19 -0.00  0.21  0.26  0.19  0.17  0.09  0.24 -0.08  0.05 -0.10  0.28  0.28  0.29 -0.05 -0.42  0.12  0.03  0.23  0.31
 2005  9  0.25  0.34  0.21  0.24  0.35  0.17  0.25  0.34  0.23  0.29  0.32  0.28  0.21  0.36  0.07  0.24  0.34  0.22 -0.25  0.01 -0.55  0.15  0.76 -0.14  0.76  0.76  0.59
 2005 10  0.27  0.48  0.19  0.33  0.50  0.23  0.20  0.42  0.16  0.09  0.14  0.08  0.47  0.61  0.33  0.26  0.58  0.20  0.59  0.60  0.57  0.69  0.94  0.57  0.81  0.62  0.67
 2005 11  0.20  0.38  0.14  0.24  0.45  0.10  0.17  0.21  0.16  0.20  0.25  0.19  0.26  0.50  0.04  0.15  0.17  0.15  0.97  1.39  0.48  0.22  0.13  0.26  0.68  0.33  0.44
 2005 12  0.08  0.34 -0.02  0.11  0.29 -0.00  0.06  0.47 -0.03  0.08  0.12  0.07  0.12  0.31 -0.05  0.05  0.82 -0.08  1.16  1.36  0.94  0.87  1.83  0.42 -0.37 -0.01  0.55
 2006  1  0.15  0.09  0.17  0.10  0.01  0.16  0.20  0.26  0.18  0.00  0.26 -0.07  0.15 -0.09  0.36  0.31  0.39  0.29  0.22 -0.88  1.49  0.14  0.03  0.19  1.54  0.94  0.98
 2006  2  0.17  0.31  0.12  0.31  0.45  0.22  0.04  0.00  0.04  0.21  0.40  0.16  0.36  0.43  0.30 -0.06 -0.20 -0.04  0.94  0.41  1.56 -0.01 -0.25  0.11 -0.24 -0.32 -0.27
 2006  3  0.16  0.21  0.13  0.16  0.24  0.11  0.15  0.14  0.15 -0.07 -0.04 -0.07  0.31  0.31  0.31  0.23  0.28  0.22  0.72  0.49  0.99  0.16  0.33  0.08 -0.30 -0.20  0.51
 2006  4  0.07  0.10  0.06  0.07  0.08  0.05  0.08  0.13  0.07 -0.12 -0.18 -0.10  0.15  0.15  0.15  0.19  0.37  0.16 -0.43 -0.79 -0.02  0.18  0.44  0.06  1.61  1.15  0.46
 2006  5 -0.09 -0.13 -0.07  0.06  0.09  0.04 -0.24 -0.63 -0.16 -0.19 -0.30 -0.16  0.19  0.20  0.18 -0.26 -0.90 -0.14  0.34  0.31  0.37 -0.99 -1.38 -0.80  0.30  0.38 -0.78
 2006  6  0.06  0.18  0.01  0.12  0.27  0.03 -0.01  0.00 -0.01  0.01 -0.04  0.02  0.21  0.36  0.07 -0.04 -0.01 -0.04  0.54  0.75  0.31 -0.26 -0.38 -0.20  0.30  0.23 -0.33
 2006  7  0.11  0.15  0.09  0.17  0.20  0.16  0.05  0.05  0.05  0.24  0.26  0.23  0.14  0.18  0.11 -0.06 -0.09 -0.05  0.08  0.03  0.14 -0.89 -1.41 -0.64  0.73  0.56  0.25
 2006  8  0.13  0.22  0.09  0.11  0.05  0.15  0.14  0.59  0.05  0.15  0.15  0.15  0.11  0.04  0.17  0.12  0.87 -0.01  0.23  0.13  0.36  0.24  1.38 -0.30  0.08 -0.13  1.01
 2006  9  0.14  0.18  0.12  0.19  0.26  0.15  0.09  0.01  0.10  0.06 -0.06  0.09  0.29  0.35  0.24  0.08  0.04  0.09  1.23  1.40  1.05 -0.36 -0.43 -0.33 -1.10 -0.65  0.45
 2006 10  0.22  0.19  0.24  0.17  0.12  0.20  0.28  0.35  0.26  0.28  0.23  0.30  0.12  0.09  0.15  0.26  0.44  0.23  0.06 -0.10  0.25  0.17  0.12  0.19 -0.58 -0.31  0.54
 2006 11  0.07  0.13  0.05  0.04  0.06  0.04  0.10  0.30  0.06  0.08 -0.04  0.12  0.04  0.09  0.01  0.09  0.54  0.01  0.32  0.11  0.56  0.16  0.50  0.00  0.36  0.07  0.75
 2006 12  0.17  0.31  0.11  0.34  0.57  0.19 -0.00 -0.28  0.06  0.36  0.21  0.40  0.33  0.64  0.06 -0.20 -0.58 -0.13  0.52  0.58  0.44 -0.78 -1.12 -0.62  1.09  0.73 -0.86
 2007  1  0.43  0.70  0.32  0.53  0.82  0.34  0.33  0.44  0.30  0.55  0.42  0.59  0.54  0.95  0.18  0.19  0.39  0.15  0.13  0.70 -0.53  0.48  0.61  0.42  0.13 -0.03  0.16
 2007  2  0.19  0.22  0.18  0.32  0.30  0.34  0.06  0.05  0.06  0.32  0.35  0.31  0.31  0.26  0.35 -0.06 -0.11 -0.05  0.29 -0.39  1.08 -0.13 -0.38 -0.01 -0.64 -0.45  0.03
 2007  3  0.26  0.44  0.19  0.35  0.45  0.28  0.17  0.41  0.12  0.14  0.13  0.14  0.43  0.51  0.36  0.21  0.69  0.12  0.17  0.01  0.36  0.37  0.82  0.16  2.02  1.18  0.94
 2007  4  0.14  0.41  0.04  0.25  0.42  0.15  0.03  0.40 -0.04  0.07  0.14  0.05  0.35  0.50  0.22  0.01  0.57 -0.08  1.36  1.43  1.29  0.29  0.98 -0.04 -0.03  0.20  0.43
 2007  5  0.14  0.52 -0.00  0.20  0.44  0.04  0.09  0.70 -0.04  0.14  0.28  0.10  0.22  0.49 -0.02  0.07  0.98 -0.09 -0.30 -0.14 -0.50  0.62  2.39 -0.22  0.49  0.40  0.60
 2007  6  0.13  0.29  0.07  0.23  0.26  0.22  0.03  0.36 -0.04  0.15  0.22  0.13  0.28  0.29  0.26 -0.04  0.38 -0.12  0.75  0.29  1.28  0.58  1.59  0.10  0.21  0.21 -1.34
 2007  7  0.18  0.32  0.13  0.23  0.26  0.22  0.13  0.46  0.06  0.23  0.25  0.22  0.24  0.29  0.19  0.08  0.55 -0.00  0.61  0.56  0.66  0.62  1.43  0.23  0.33  0.34  0.39
 2007  8  0.20  0.34  0.15  0.19  0.31  0.10  0.22  0.41  0.18  0.05  0.15  0.02  0.30  0.41  0.19  0.27  0.44  0.24  0.48  0.47  0.49 -0.05  0.45 -0.29  1.00  0.99  0.91
 2007  9  0.12  0.29  0.05  0.13  0.21  0.07  0.11  0.46  0.04  0.11  0.16  0.09  0.17  0.27  0.08  0.08  0.55 -0.00 -0.38 -0.43 -0.31 -0.80 -0.30 -1.04  0.48  0.49  0.81
 2007 10  0.12  0.26  0.07  0.16  0.29  0.08  0.08  0.19  0.05 -0.10 -0.04 -0.12  0.33  0.39  0.27  0.15  0.31  0.12  0.56  0.42  0.71 -0.14  0.19 -0.29  1.35  0.95  0.69
 2007 11  0.04  0.15 -0.00  0.01  0.14 -0.08  0.07  0.17  0.06 -0.10  0.08 -0.15  0.07  0.16 -0.01  0.16  0.22  0.15  0.10  0.13  0.06  0.48  1.01  0.22  0.43  0.56 -0.09
 2007 12 -0.04 -0.00 -0.05 -0.06  0.14 -0.18 -0.02 -0.33  0.05 -0.25 -0.07 -0.31  0.04  0.17 -0.07  0.11 -0.46  0.22  0.40  0.30  0.52 -0.34 -1.01 -0.03  0.17  0.02 -0.02
 2008  1 -0.22 -0.42 -0.14 -0.35 -0.50 -0.26 -0.09 -0.24 -0.06 -0.32 -0.19 -0.35 -0.35 -0.57 -0.15  0.01 -0.30  0.06 -0.36 -0.28 -0.45 -0.42 -1.00 -0.15 -1.11 -1.24  0.46
 2008  2 -0.13 -0.18 -0.11  0.02  0.00  0.03 -0.29 -0.61 -0.22 -0.43 -0.31 -0.46  0.25  0.07  0.40 -0.20 -0.79 -0.10 -0.15 -0.16 -0.14 -0.59 -1.36 -0.22  0.20  0.04 -0.57
 2008  3 -0.14  0.42 -0.36  0.13  0.74 -0.26 -0.41 -0.29 -0.43 -0.58 -0.34 -0.65  0.47  0.96  0.04 -0.28 -0.06 -0.32 -0.02  0.46 -0.57 -0.05  0.43 -0.28 -0.70 -0.78 -0.44
 2008  4 -0.13  0.12 -0.23  0.08  0.19  0.01 -0.33 -0.02 -0.39 -0.53 -0.34 -0.59  0.38  0.33  0.43 -0.21  0.21 -0.28  0.07 -0.17  0.35  0.90  1.86  0.45 -0.25 -0.14 -0.94
 2008  5 -0.26 -0.01 -0.36 -0.10  0.06 -0.20 -0.43 -0.19 -0.47 -0.53 -0.34 -0.58  0.11  0.16  0.07 -0.35 -0.04 -0.41  0.72  0.74  0.69  0.17  0.48  0.02 -0.29 -0.29 -0.58
 2008  6 -0.18 -0.02 -0.24 -0.15  0.09 -0.30 -0.21 -0.25 -0.20 -0.30 -0.08 -0.36 -0.04  0.15 -0.22 -0.19 -0.44 -0.14 -0.07  0.11 -0.28 -1.08 -1.66 -0.80 -0.37 -0.44  0.67
 2008  7 -0.10  0.04 -0.15 -0.05 -0.02 -0.07 -0.14  0.16 -0.21 -0.17 -0.07 -0.20  0.04  0.02  0.05 -0.16  0.24 -0.23 -0.01 -0.12  0.12 -0.24 -0.21 -0.25 -0.00 -0.12 -0.17
 2008  8 -0.16 -0.07 -0.20 -0.06  0.10 -0.16 -0.27 -0.46 -0.23 -0.21  0.04 -0.28  0.05  0.16 -0.05 -0.32 -0.97 -0.21  0.32  0.32  0.32 -0.78 -1.34 -0.52 -0.10 -0.26 -1.47
 2008  9  0.02  0.02  0.02 -0.01 -0.05  0.02  0.05  0.18  0.02  0.01  0.19 -0.04 -0.01 -0.10  0.06  0.05  0.10  0.04  0.27  0.16  0.40 -0.13 -0.29 -0.05 -0.20 -0.22  0.40
 2008 10  0.00  0.23 -0.09  0.03  0.29 -0.14 -0.03  0.11 -0.05  0.05  0.22  0.00  0.05  0.33 -0.19 -0.10 -0.04 -0.11 -0.20  0.12 -0.57 -0.68 -0.96 -0.55  0.15 -0.20  0.66
 2008 11  0.06  0.24 -0.01  0.03  0.26 -0.12  0.10  0.22  0.07  0.06  0.31 -0.01  0.02  0.23 -0.18  0.12  0.18  0.11  0.02  0.08 -0.05 -0.18 -0.14 -0.21  0.10 -0.12  0.32
 2008 12  0.02 -0.01  0.03  0.09 -0.01  0.15 -0.05 -0.01 -0.06 -0.11  0.06 -0.16  0.21 -0.05  0.45 -0.03  0.00 -0.04  0.45  0.10  0.84 -0.42 -0.47 -0.39 -0.13 -0.09  0.21
 2009  1  0.11  0.21  0.07  0.17  0.28  0.10  0.05  0.07  0.04 -0.18  0.01 -0.23  0.38  0.34  0.41  0.14  0.15  0.14  0.63  0.53  0.74 -0.04  0.07 -0.09  0.37  0.22  0.44
 2009  2  0.12  0.39  0.02  0.31  0.51  0.18 -0.06  0.12 -0.09 -0.06  0.14 -0.12  0.49  0.55  0.43 -0.04  0.27 -0.10  0.21 -0.08  0.55 -0.22  0.52 -0.57  0.21  0.15  0.16
 2009  3  0.03  0.18 -0.03  0.05  0.15 -0.02  0.01  0.24 -0.04 -0.21 -0.00 -0.27  0.23  0.20  0.25  0.09  0.40  0.03 -0.02 -0.17  0.14  0.56  0.84  0.43  0.46  0.17  0.09
 2009  4 -0.01  0.06 -0.04  0.01  0.09 -0.04 -0.04 -0.00 -0.04  0.00  0.03 -0.01  0.01  0.08 -0.05 -0.05  0.05 -0.07  0.02  0.13 -0.12 -0.43 -0.20 -0.54 -0.36 -0.30 -0.32
 2009  5 -0.06  0.03 -0.09 -0.07 -0.08 -0.06 -0.04  0.29 -0.11 -0.07 -0.04 -0.08 -0.07 -0.11 -0.04 -0.02  0.61 -0.13 -0.02 -0.26  0.25  0.58  1.80  0.01  0.29  0.39 -0.83
 2009  6 -0.16 -0.14 -0.18 -0.23 -0.31 -0.18 -0.10  0.27 -0.18  0.02  0.08  0.01 -0.36 -0.42 -0.31 -0.17  0.40 -0.27 -0.16  0.03 -0.39  0.16  1.12 -0.30 -0.46 -0.41  0.18
 2009  7  0.21  0.13  0.24 -0.03 -0.16  0.06  0.45  0.80  0.38  0.38  0.37  0.39 -0.22 -0.30 -0.14  0.46  1.12  0.35 -0.17 -0.28 -0.04  1.29  2.62  0.66 -0.99 -0.65  0.99
 2009  8  0.06  0.09  0.05  0.04 -0.11  0.15  0.08  0.53 -0.02  0.35  0.39  0.35 -0.13 -0.25 -0.01 -0.06  0.68 -0.19 -0.24 -0.17 -0.32  0.05  0.42 -0.12 -0.41 -0.40  1.72
 2009  9  0.27  0.46  0.19  0.31  0.45  0.22  0.23  0.47  0.18  0.51  0.64  0.47  0.20  0.42 -0.01  0.09  0.28  0.05  0.34  0.69 -0.06 -0.46  0.29 -0.82  0.26  0.22  0.68
 2009 10  0.17  0.06  0.21  0.16  0.02  0.26  0.18  0.15  0.18  0.33  0.36  0.32  0.06 -0.08  0.19  0.11  0.02  0.13  0.17 -0.01  0.37 -0.15  0.05 -0.25 -0.97 -0.39 -0.18
 2009 11  0.28  0.41  0.23  0.21  0.27  0.17  0.35  0.71  0.27  0.42  0.42  0.42  0.13  0.25  0.02  0.28  0.87  0.18 -0.09 -0.47  0.35  0.84  1.14  0.69  0.97  0.53  0.78
 2009 12  0.12  0.02  0.15  0.05 -0.12  0.15  0.18  0.32  0.16  0.42  0.32  0.45 -0.15 -0.26 -0.06  0.06  0.40  0.00  1.05  0.51  1.66  0.12  0.37  0.01 -1.59 -0.95  0.46
 2010  1  0.50  0.65  0.44  0.60  0.68  0.55  0.40  0.58  0.37  0.59  0.54  0.60  0.55  0.68  0.43  0.36  0.74  0.29  1.16  1.05  1.29  0.73  1.23  0.50 -0.37 -0.24  0.50
 2010  2  0.46  0.49  0.45  0.44  0.42  0.46  0.48  0.65  0.44  0.84  0.89  0.83  0.20  0.29  0.12  0.32  0.48  0.30  1.02  0.87  1.19  0.63  0.89  0.50 -1.94 -1.45 -0.25
 2010  3  0.51  0.67  0.45  0.59  0.70  0.51  0.44  0.61  0.40  0.76  0.71  0.78  0.47  0.69  0.28  0.29  0.57  0.24  0.52  0.38  0.69  0.38  0.60  0.28  0.03 -0.12  0.28
 2010  4  0.32  0.37  0.31  0.45  0.40  0.48  0.20  0.32  0.18  0.67  0.71  0.66  0.32  0.34  0.30 -0.04 -0.07 -0.03  1.25  1.15  1.37 -0.57 -0.80 -0.46  0.31  0.28  0.83
 2010  5  0.41  0.52  0.37  0.59  0.60  0.59  0.23  0.33  0.21  0.80  0.86  0.78  0.47  0.54  0.40 -0.05 -0.10 -0.04  1.42  1.42  1.41 -0.84 -0.54 -0.98 -0.40 -0.21  0.11
 2010  6  0.31  0.31  0.31  0.39  0.43  0.36  0.23  0.04  0.27  0.45  0.62  0.40  0.39  0.42  0.35  0.09 -0.52  0.20  0.19  0.02  0.39 -1.19 -1.94 -0.83  0.70  0.56  0.19
 2010  7  0.33  0.32  0.33  0.46  0.58  0.39  0.19 -0.24  0.28  0.32  0.43  0.29  0.58  0.67  0.49  0.09 -0.91  0.27  0.56  0.84  0.24 -1.55 -2.64 -1.03  0.62  0.46 -0.08
 2010  8  0.34  0.41  0.32  0.46  0.55  0.41  0.23  0.08  0.26  0.27  0.48  0.21  0.60  0.62  0.59  0.16 -0.39  0.26  0.73  0.61  0.88 -1.05 -1.74 -0.73  0.93  0.87  0.23
 2010  9  0.37  0.42  0.35  0.32  0.39  0.28  0.42  0.48  0.41  0.14  0.39  0.07  0.47  0.46  0.47  0.52  0.34  0.55  0.54  0.22  0.90  0.33  0.34  0.32  0.81  1.08 -0.22
 2010 10  0.20  0.34  0.15  0.18  0.42  0.03  0.22  0.16  0.23  0.03  0.35 -0.07  0.27  0.45  0.12  0.32 -0.03  0.38  0.69  0.51  0.90  0.12  0.20  0.09  0.40  0.35 -0.60
 2010 11  0.16  0.39  0.07  0.26  0.72 -0.04  0.07 -0.35  0.16 -0.20  0.02 -0.27  0.50  0.89  0.16  0.21 -0.58  0.35  0.56  0.95  0.11 -0.42 -0.64 -0.32  0.00  0.30 -0.76
 2010 12  0.09  0.27  0.02  0.02  0.33 -0.18  0.15  0.13  0.16 -0.40 -0.10 -0.48  0.24  0.44  0.06  0.44  0.32  0.47  0.77  0.78  0.75  0.07  0.27 -0.03 -0.49 -0.62  0.18
 2011  1 -0.06 -0.09 -0.05 -0.18 -0.20 -0.17  0.05  0.16  0.03 -0.50 -0.22 -0.58 -0.02 -0.21  0.14  0.35  0.48  0.33  1.24  1.20  1.28 -0.05  0.55 -0.34 -0.83 -0.39  0.76
 2011  2 -0.06 -0.19 -0.00 -0.10 -0.19 -0.04 -0.01 -0.20  0.03 -0.42 -0.23 -0.48  0.03 -0.23  0.26  0.24 -0.02  0.29 -0.46 -0.99  0.15 -0.16  0.13 -0.30 -0.08 -0.09 -0.28
 2011  3 -0.18 -0.09 -0.22 -0.21 -0.12 -0.28 -0.15 -0.04 -0.18 -0.45 -0.33 -0.49 -0.11 -0.07 -0.14  0.02  0.22 -0.02  0.44  0.33  0.56  0.32  0.49  0.24  0.08  0.14 -0.06
 2011  4 -0.04  0.15 -0.11 -0.03  0.15 -0.14 -0.04  0.15 -0.09 -0.31 -0.13 -0.36  0.10  0.22 -0.00  0.11  0.36  0.07  0.31  0.21  0.43  0.35  1.19 -0.04  0.20  0.10 -0.25
 2011  5  0.00  0.10 -0.04 -0.01  0.13 -0.10  0.02  0.04  0.02 -0.10  0.18 -0.18  0.03  0.13 -0.06  0.08 -0.11  0.12  0.48  0.53  0.42 -0.11  0.10 -0.21 -0.57 -0.35 -0.77
 2011  6  0.14  0.30  0.08  0.18  0.34  0.07  0.10  0.20  0.08  0.11  0.39  0.02  0.21  0.35  0.09  0.11 -0.01  0.13  0.48  0.50  0.46 -0.07 -0.27  0.02  0.02  0.00  0.24
 2011  7  0.20  0.42  0.11  0.22  0.34  0.14  0.18  0.62  0.09  0.10  0.30  0.05  0.30  0.36  0.25  0.19  0.81  0.09  0.32  0.42  0.19  1.04  1.94  0.61  1.06  0.79  0.26
 2011  8  0.16  0.35  0.09  0.12  0.19  0.08  0.20  0.69  0.09  0.12  0.22  0.09  0.16  0.21  0.12  0.20  0.96  0.07  0.27  0.17  0.38  1.06  2.25  0.50  0.81  0.49  0.53
 2011  9  0.17  0.38  0.09  0.16  0.32  0.05  0.18  0.51  0.11  0.09  0.19  0.07  0.22  0.38  0.08  0.21  0.71  0.12  0.49  0.40  0.59  0.64  0.87  0.52 -0.06 -0.10  0.13
 2011 10 -0.05  0.18 -0.13  0.03  0.27 -0.12 -0.13 -0.04 -0.14 -0.14  0.02 -0.19  0.12  0.32 -0.06 -0.11 -0.04 -0.13  0.07  0.12  0.02  0.01  0.38 -0.16  0.01 -0.08 -0.52
 2011 11 -0.02  0.09 -0.06 -0.08 -0.07 -0.08  0.04  0.46 -0.05 -0.06  0.05 -0.10 -0.09 -0.12 -0.06  0.10  0.83 -0.03 -0.09 -0.34  0.20  0.50  1.68 -0.05  0.09 -0.41  0.05
 2011 12  0.00  0.09 -0.03 -0.01  0.18 -0.14  0.02 -0.11  0.05 -0.08  0.10 -0.13  0.01  0.18 -0.14  0.07 -0.21  0.13 -0.47 -0.14 -0.85 -0.19 -0.20 -0.19  0.52  0.19 -0.51
 2012  1 -0.20 -0.31 -0.16 -0.23 -0.33 -0.17 -0.17 -0.26 -0.15 -0.24 -0.03 -0.31 -0.23 -0.43 -0.05 -0.12 -0.39 -0.07  0.25 -0.09  0.63 -0.49 -0.66 -0.42  0.98  0.16 -0.50
 2012  2 -0.22 -0.23 -0.22 -0.14 -0.21 -0.09 -0.31 -0.27 -0.32 -0.36 -0.12 -0.43 -0.01 -0.29  0.23 -0.29 -0.24 -0.31  1.11  0.97  1.26  0.06  0.12  0.04  0.40  0.41 -0.97
 2012  3 -0.04 -0.01 -0.05 -0.02 -0.00 -0.02 -0.06 -0.04 -0.06 -0.27 -0.22 -0.29  0.15  0.05  0.25  0.02  0.12  0.00 -0.10 -0.53  0.41  0.34  0.28  0.37  2.52  1.77  0.02
 2012  4  0.11  0.43 -0.02  0.17  0.62 -0.12  0.05  0.00  0.06 -0.30 -0.16 -0.34  0.48  0.86  0.14  0.17  0.01  0.20  0.97  1.25  0.66  0.05  0.42 -0.13  1.24  1.22 -0.13
 2012  5  0.06  0.38 -0.07  0.27  0.56  0.08 -0.16 -0.03 -0.18 -0.18 -0.13 -0.19  0.50  0.75  0.28 -0.15  0.04 -0.18  0.84  1.08  0.56 -0.08  0.16 -0.19  0.94  0.58 -0.75
 2012  6  0.14  0.34  0.05  0.32  0.63  0.11 -0.04 -0.31  0.01 -0.15 -0.06 -0.18  0.55  0.83  0.31  0.02 -0.53  0.12  1.44  1.74  1.10 -0.80 -1.23 -0.59  0.72  0.71  0.02
 2012  7  0.02  0.13 -0.03  0.18  0.40  0.04 -0.15 -0.50 -0.07  0.10  0.17  0.08  0.24  0.51  0.01 -0.29 -1.13 -0.15  0.30  0.58 -0.02 -1.48 -2.32 -1.09  0.68  0.51 -0.63
 2012  8  0.08  0.14  0.06  0.04  0.12 -0.00  0.12  0.19  0.11  0.07  0.14  0.05  0.07  0.16 -0.01  0.11  0.07  0.12 -0.12 -0.23 -0.01 -0.25 -0.36 -0.21  0.20  0.21 -0.01
 2012  9  0.22  0.32  0.18  0.17  0.33  0.07  0.27  0.29  0.27  0.14  0.14  0.14  0.23  0.43  0.04  0.30  0.27  0.31  0.49  0.76  0.19 -0.39 -0.75 -0.21 -0.00 -0.08  0.90
 2012 10  0.24  0.28  0.22  0.18  0.09  0.23  0.30  0.71  0.21  0.18  0.32  0.14  0.19  0.06  0.31  0.34  0.90  0.24  0.48  0.36  0.62  0.66  1.36  0.33 -0.32 -0.06  0.53
 2012 11  0.18  0.45  0.08  0.17  0.33  0.06  0.19  0.72  0.09  0.26  0.30  0.25  0.12  0.32 -0.06  0.16  1.08 -0.01  0.70  0.40  1.05  0.95  1.86  0.51 -0.01  0.06  0.57
 2012 12  0.13  0.03  0.17 -0.10 -0.25 -0.00  0.36  0.67  0.30  0.19  0.20  0.19 -0.25 -0.39 -0.12  0.45  1.12  0.33  0.01 -0.17  0.21  1.55  2.27  1.20  0.17 -0.11  0.14
 2013  1  0.45  0.47  0.45  0.40  0.32  0.45  0.51  0.79  0.45  0.41  0.52  0.38  0.36  0.26  0.46  0.59  1.05  0.51  0.60  0.27  0.97  1.32  1.42  1.27  0.83  0.94  1.13
 2013  2  0.13  0.13  0.13  0.26  0.24  0.28 -0.01 -0.12  0.01  0.23  0.33  0.20  0.27  0.19  0.34 -0.12 -0.37 -0.07 -0.07 -0.12 -0.00 -0.04 -0.28  0.08 -0.75 -0.71 -0.90
 2013  3  0.10  0.18  0.06  0.19  0.28  0.13  0.01 -0.03  0.02  0.21  0.36  0.16  0.15  0.25  0.07 -0.07 -0.29 -0.03 -0.36 -0.90  0.25 -0.38 -0.63 -0.27 -0.94 -0.85  0.69
 2013  4  0.05 -0.06  0.09  0.03 -0.10  0.12  0.07  0.02  0.07  0.16  0.15  0.16 -0.02 -0.15  0.09  0.01 -0.11  0.03 -0.29 -0.33 -0.24 -0.11 -0.65  0.14 -0.46 -0.65  0.01
 2013  5  0.00  0.20 -0.08  0.09  0.28 -0.04 -0.08  0.02 -0.10  0.06  0.20  0.02  0.12  0.33 -0.07 -0.17 -0.18 -0.17 -0.10  0.27 -0.52 -0.66 -0.72 -0.63 -0.17 -0.28  0.32
 2013  6  0.20  0.39  0.13  0.26  0.42  0.15  0.15  0.31  0.11  0.11  0.24  0.07  0.35  0.50  0.23  0.15  0.29  0.12  0.68  0.96  0.36 -0.62  0.20 -1.01  0.33  0.62  0.25
 2013  7  0.03  0.03  0.04  0.04  0.03  0.05  0.03  0.03  0.03 -0.06  0.02 -0.08  0.09  0.06  0.12  0.07 -0.05  0.09  0.21  0.16  0.27 -1.21 -1.18 -1.23 -0.14 -0.00  0.59
 2013  8  0.04  0.17 -0.01  0.01  0.06 -0.03  0.07  0.43 -0.00 -0.04 -0.04 -0.04  0.06  0.13  0.00  0.10  0.64  0.01  0.08  0.31 -0.18  0.33  1.23 -0.09 -0.16 -0.07  1.02
 2013  9  0.21  0.45  0.12  0.24  0.20  0.26  0.19  1.01  0.02  0.14  0.21  0.12  0.30  0.23  0.37  0.20  1.52 -0.03  0.18  0.11  0.25  1.08  3.07  0.14  0.82  0.70  1.04
 2013 10  0.18  0.41  0.10  0.30  0.39  0.25  0.06  0.45 -0.02 -0.03  0.03 -0.04  0.47  0.49  0.45  0.12  0.75  0.01  0.35  0.53  0.15  0.31  1.14 -0.09 -0.39  0.12  0.96
 2013 11  0.05  0.30 -0.05  0.04  0.25 -0.10  0.06  0.40 -0.01 -0.04  0.00 -0.05  0.07  0.30 -0.13  0.11  0.77 -0.00 -0.48 -0.14 -0.87  0.12  1.50 -0.54 -0.08 -0.00 -0.07
 2013 12  0.13  0.20  0.11  0.07  0.02  0.10  0.20  0.58  0.12 -0.01 -0.01 -0.01  0.11  0.04  0.17  0.30  1.02  0.18  0.28  0.60 -0.08  1.18  1.72  0.93 -0.48 -0.14  0.28
 2014  1  0.20  0.20  0.20  0.24  0.16  0.29  0.16  0.29  0.14 -0.12 -0.09 -0.13  0.42  0.21  0.61  0.32  0.64  0.27  0.95  0.51  1.45  0.45  0.96  0.21 -0.40  0.24  0.69
 2014  2  0.13 -0.02  0.19  0.23  0.03  0.37  0.03 -0.13  0.07 -0.07 -0.04 -0.07  0.38  0.03  0.68  0.10 -0.15  0.15  1.27  0.82  1.80 -0.26 -0.22 -0.27 -0.51 -0.32 -0.11
 2014  3  0.09  0.07  0.10  0.19  0.28  0.13 -0.01 -0.40  0.07 -0.04 -0.07 -0.03  0.29  0.36  0.22  0.02 -0.62  0.14  0.68  0.64  0.73 -0.27 -0.68 -0.07 -0.32 -0.12 -0.36
 2014  4  0.11  0.14  0.09  0.23  0.24  0.22 -0.01 -0.09  0.00  0.08 -0.03  0.12  0.28  0.33  0.23 -0.04 -0.16 -0.02  0.16  0.23  0.08 -0.22 -0.53 -0.08  0.08  0.21  0.62
 2014  5  0.25  0.37  0.20  0.26  0.28  0.25  0.23  0.56  0.16  0.18  0.12  0.19  0.34  0.36  0.32  0.23  0.78  0.13  0.57  0.81  0.29  0.67  1.50  0.27 -0.07  0.21  0.31
 2014  6  0.25  0.17  0.29  0.21  0.11  0.28  0.29  0.30  0.29  0.48  0.58  0.45  0.07  0.01  0.13  0.19  0.00  0.22  0.05  0.03  0.07 -1.03 -0.86 -1.11 -0.16 -0.30  0.53
 2014  7  0.21  0.05  0.27  0.21  0.07  0.30  0.21  0.01  0.26  0.42  0.39  0.43  0.09 -0.03  0.21  0.11 -0.21  0.17  0.18  0.26  0.08 -0.34 -1.00 -0.02 -0.35 -0.33  0.70
 2014  8  0.06  0.04  0.07  0.09  0.04  0.12  0.03  0.03  0.03  0.01 -0.02  0.02  0.14  0.07  0.20  0.03  0.03  0.03  0.25  0.31  0.19  0.01 -0.13  0.07 -0.46 -0.44 -0.84
 2014  9  0.15  0.19  0.13  0.05 -0.01  0.09  0.24  0.65  0.16  0.14  0.11  0.15  0.03 -0.01  0.06  0.28  0.95  0.16 -0.41 -0.41 -0.40  0.48  1.36  0.07  0.38  0.46  0.31
 2014 10  0.24  0.33  0.21  0.27  0.23  0.30  0.21  0.56  0.14  0.16  0.21  0.15  0.34  0.25  0.41  0.24  0.77  0.14  0.08 -0.07  0.25  0.16  0.30  0.10  1.01  0.87  0.79
 2014 11  0.23  0.11  0.28  0.26  0.01  0.42  0.21  0.34  0.18  0.23  0.15  0.26  0.27 -0.03  0.54  0.20  0.49  0.15  0.94  0.63  1.29  0.35  1.03  0.02 -0.99 -0.35  0.62
 2014 12  0.22  0.28  0.20  0.26  0.39  0.18  0.18  0.03  0.21  0.24  0.14  0.26  0.28  0.43  0.14  0.15  0.01  0.18  0.23  0.48 -0.06 -0.28 -0.34 -0.25  0.84  0.95  0.35
 2015  1  0.29  0.37  0.26  0.44  0.54  0.37  0.15 -0.02  0.18  0.12 -0.05  0.17  0.61  0.68  0.55  0.16  0.05  0.18  0.12  0.35 -0.14  0.00 -0.02  0.01  1.08  1.25 -0.01
 2015  2  0.19  0.39  0.11  0.34  0.56  0.20  0.03  0.01  0.04 -0.07  0.10 -0.12  0.55  0.66  0.44  0.10  0.01  0.11  0.10  0.36 -0.21  0.09  0.18  0.04  0.41  0.72 -0.03
 2015  3  0.17  0.33  0.11  0.28  0.43  0.18  0.06  0.10  0.06  0.04 -0.06  0.07  0.42  0.58  0.27  0.07  0.15  0.05  0.13  0.25 -0.00  0.15  0.14  0.15  1.71  1.49  0.24
 2015  4  0.08  0.02  0.11  0.18  0.15  0.20 -0.01 -0.27  0.04  0.08 -0.10  0.13  0.25  0.22  0.28 -0.08 -0.42 -0.01  0.51  0.25  0.81 -0.50 -0.75 -0.38  0.26  0.20 -0.58
 2015  5  0.27  0.27  0.27  0.34  0.35  0.33  0.20  0.10  0.22  0.26  0.18  0.29  0.37  0.39  0.34  0.18  0.06  0.20  0.53  0.77  0.24  0.14 -0.40  0.40 -0.26  0.22 -0.02
 2015  6  0.31  0.33  0.30  0.37  0.37  0.37  0.25  0.25  0.24  0.46  0.48  0.45  0.35  0.36  0.34  0.12  0.03  0.13  0.35  0.50  0.18 -1.16 -1.19 -1.14  0.95  0.92  0.57
 2015  7  0.15  0.07  0.19  0.28  0.22  0.32  0.03 -0.28  0.09  0.48  0.57  0.45  0.17  0.13  0.22 -0.21 -0.93 -0.08  0.08  0.08  0.08 -1.46 -2.12 -1.14 -0.04 -0.08 -0.27
 2015  8  0.24  0.02  0.33  0.19  0.02  0.30  0.30  0.02  0.36  0.52  0.51  0.53  0.03 -0.08  0.12  0.17 -0.41  0.27 -0.19 -0.17 -0.21 -0.71 -1.50 -0.33 -0.09 -0.15 -0.30
 2015  9  0.23  0.03  0.30  0.30  0.12  0.41  0.16 -0.17  0.23  0.55  0.55  0.55  0.18  0.05  0.30 -0.06 -0.82  0.07  0.15  0.02  0.29 -1.06 -1.88 -0.67  0.76  0.48 -0.45
 2015 10  0.41  0.53  0.36  0.62  0.56  0.66  0.20  0.47  0.14  0.53  0.54  0.52  0.67  0.58  0.76  0.03  0.39 -0.04  0.61  0.46  0.77 -0.24  0.41 -0.55  1.34  1.51  0.51
 2015 11  0.33  0.47  0.27  0.43  0.52  0.38  0.22  0.35  0.19  0.52  0.49  0.53  0.41  0.54  0.29  0.04  0.20  0.01 -0.11 -0.12 -0.11 -0.28  0.27 -0.54  0.84  0.59  0.62
 2015 12  0.45  0.51  0.42  0.53  0.58  0.49  0.37  0.36  0.37  0.61  0.27  0.71  0.51  0.69  0.35  0.22  0.33  0.20 -0.43 -0.17 -0.72  0.38  0.36  0.39  1.52  1.11  0.21
 2016  1  0.54  0.49  0.56  0.69  0.64  0.72  0.39  0.14  0.44  0.84  0.59  0.92  0.62  0.71  0.55  0.14 -0.36  0.22  2.44  2.53  2.33 -0.44 -0.78 -0.28 -0.50 -0.03 -0.65
 2016  2  0.83  1.04  0.75  1.16  1.33  1.05  0.50  0.37  0.52  0.99  0.87  1.02  1.24  1.45  1.04  0.26  0.02  0.31  1.51  1.53  1.49 -0.47 -0.72 -0.36  1.12  1.26  0.39
 2016  3  0.73  0.92  0.66  0.94  1.13  0.82  0.52  0.44  0.54  1.09  1.00  1.11  0.86  1.16  0.59  0.23  0.01  0.27  1.44  1.46  1.41 -0.38 -0.29 -0.42  1.23  1.26  0.54
 2016  4  0.71  0.81  0.68  0.85  0.88  0.83  0.58  0.63  0.57  0.93  0.72  1.00  0.81  0.96  0.68  0.38  0.46  0.37  1.89  2.05  1.72  0.27  0.12  0.34  0.65  0.91  0.90
 2016  5  0.54  0.55  0.54  0.65  0.50  0.74  0.44  0.67  0.39  0.71  0.54  0.77  0.64  0.48  0.77  0.27  0.77  0.18  1.13  0.96  1.31  0.93  1.45  0.69 -0.55 -0.08  1.22
 2016  6  0.34  0.27  0.36  0.51  0.50  0.51  0.17 -0.23  0.25  0.37  0.25  0.41  0.60  0.58  0.61  0.04 -0.65  0.16  0.87  1.08  0.62 -1.31 -2.13 -0.92  1.12  1.05  1.03
 2016  7  0.39  0.42  0.37  0.48  0.48  0.48  0.30  0.31  0.29  0.48  0.47  0.48  0.51  0.52  0.51  0.17  0.06  0.19  0.37  0.55  0.17 -0.05 -0.94  0.37  0.27  0.36  1.19
 2016  8  0.43  0.58  0.38  0.55  0.55  0.56  0.32  0.65  0.25  0.49  0.36  0.53  0.58  0.60  0.56  0.23  0.86  0.12  0.82  1.07  0.53  0.57  1.64  0.07  0.06  0.25  0.20
 2016  9  0.44  0.46  0.43  0.49  0.64  0.40  0.39  0.05  0.46  0.37  0.28  0.39  0.56  0.73  0.40  0.40 -0.11  0.49  1.23  1.18  1.30 -0.23 -0.71  0.00  0.53  0.51 -0.09
 2016 10  0.41  0.23  0.48  0.42  0.10  0.63  0.39  0.51  0.37  0.46  0.43  0.47  0.41  0.02  0.76  0.35  0.55  0.31  1.63  0.78  2.61  1.14  1.16  1.14  1.15  1.59  0.22
 2016 11  0.45  0.48  0.44  0.41  0.38  0.43  0.50  0.73  0.45  0.37  0.32  0.38  0.42  0.38  0.45  0.57  1.06  0.49  0.96  0.44  1.55  1.58  2.52  1.14  1.85  1.65  0.01
